1 1 (0) 1 : 0.000 0.813 0.001 0.002 0.000 0.183
2 2 (0) 1 : 0.000 0.550 0.002 0.000 0.000 0.447
3 3 (0) 1 : 0.001 0.900 0.067 0.000 0.000 0.032
4 4 (0) 1 : 0.000 0.786 0.007 0.001 0.000 0.207
5 5 (0) 1 : 0.000 0.245 0.000 0.000 0.000 0.754
6 6 (0) 1 : 0.000 0.556 0.000 0.001 0.114 0.328
7 7 (0) 1 : 0.000 0.730 0.002 0.001 0.073 0.194
8 8 (0) 1 : 0.000 0.771 0.008 0.003 0.000 0.217
9 9 (0) 1 : 0.000 0.718 0.004 0.001 0.003 0.274
10 10 (0) 1 : 0.000 0.096 0.000 0.000 0.000 0.903
11 11 (0) 1 : 0.003 0.893 0.078 0.025 0.000 0.000
12 12 (0) 1 : 0.000 0.373 0.002 0.000 0.000 0.625
13 13 (0) 2 : 0.000 0.000 0.000 0.000 1.000 0.000
14 14 (0) 2 : 0.000 0.000 0.000 0.000 1.000 0.000
15 15 (0) 2 : 0.000 0.000 0.000 0.000 1.000 0.000
16 16 (0) 3 : 0.684 0.000 0.000 0.298 0.004 0.014
17 17 (0) 3 : 0.710 0.000 0.001 0.268 0.010 0.011
18 18 (0) 3 : 0.708 0.001 0.001 0.268 0.000 0.024
19 19 (0) 3 : 0.403 0.000 0.000 0.088 0.002 0.507
20 20 (0) 3 : 0.242 0.000 0.000 0.000 0.033 0.725
21 21 (0) 3 : 0.720 0.002 0.002 0.276 0.000 0.000
22 22 (0) 3 : 0.463 0.000 0.000 0.155 0.000 0.381
23 23 (0) 3 : 0.743 0.002 0.001 0.255 0.000 0.000
24 24 (0) 3 : 0.738 0.001 0.007 0.254 0.000 0.000
25 25 (0) 3 : 0.631 0.000 0.000 0.224 0.000 0.144
26 26 (0) 3 : 0.777 0.001 0.005 0.217 0.000 0.000
27 27 (0) 3 : 0.687 0.001 0.001 0.242 0.000 0.069
28 28 (0) 4 : 0.000 0.997 0.002 0.000 0.000 0.000
29 29 (0) 4 : 0.000 0.999 0.001 0.000 0.000 0.000
30 30 (0) 4 : 0.000 0.998 0.001 0.000 0.000 0.000
31 31 (0) 4 : 0.001 0.952 0.001 0.003 0.000 0.045
32 32 (0) 4 : 0.000 0.962 0.001 0.000 0.000 0.036
33 33 (0) 4 : 0.000 0.999 0.001 0.000 0.000 0.000
34 34 (0) 4 : 0.000 0.999 0.000 0.000 0.000 0.000
35 35 (0) 5 : 0.000 0.005 0.995 0.000 0.000 0.000
36 36 (0) 5 : 0.000 0.004 0.996 0.000 0.000 0.000
37 37 (0) 5 : 0.000 0.003 0.996 0.000 0.000 0.000
38 38 (0) 5 : 0.000 0.001 0.998 0.001 0.000 0.000
39 39 (0) 5 : 0.000 0.000 0.999 0.001 0.000 0.000
40 40 (0) 5 : 0.000 0.000 0.652 0.000 0.000 0.348
41 41 (0) 5 : 0.000 0.002 0.997 0.001 0.000 0.000
42 42 (0) 5 : 0.000 0.000 0.909 0.000 0.000 0.091
43 43 (0) 5 : 0.000 0.040 0.959 0.000 0.000 0.000
44 44 (0) 5 : 0.000 0.000 0.999 0.000 0.000 0.000
45 45 (0) 5 : 0.000 0.007 0.992 0.001 0.000 0.000
46 46 (0) 5 : 0.000 0.001 0.999 0.000 0.000 0.000
47 47 (0) 5 : 0.000 0.001 0.999 0.000 0.000 0.000
48 48 (0) 6 : 0.018 0.975 0.000 0.007 0.000 0.000
49 49 (0) 6 : 0.001 0.992 0.007 0.000 0.000 0.000
50 50 (0) 6 : 0.003 0.953 0.021 0.023 0.000 0.000
51 51 (0) 6 : 0.004 0.991 0.004 0.001 0.000 0.000
52 52 (0) 6 : 0.001 0.994 0.001 0.004 0.000 0.000
53 53 (0) 6 : 0.002 0.993 0.001 0.004 0.000 0.000
54 54 (0) 6 : 0.000 0.981 0.009 0.010 0.000 0.000
55 55 (0) 6 : 0.001 0.990 0.002 0.007 0.000 0.000
56 56 (0) 6 : 0.000 0.880 0.002 0.117 0.000 0.000
57 57 (0) 6 : 0.000 0.995 0.004 0.001 0.000 0.000
58 58 (0) 6 : 0.984 0.014 0.001 0.001 0.000 0.000
59 59 (0) 7 : 0.999 0.001 0.000 0.000 0.000 0.000
60 60 (0) 7 : 0.998 0.001 0.000 0.000 0.000 0.000
61 61 (0) 7 : 0.996 0.003 0.001 0.001 0.000 0.000
62 62 (0) 7 : 0.999 0.000 0.000 0.000 0.000 0.000
63 63 (0) 7 : 0.995 0.001 0.003 0.001 0.000 0.000
64 64 (0) 7 : 0.998 0.001 0.000 0.001 0.000 0.000
65 65 (0) 7 : 0.979 0.019 0.001 0.001 0.000 0.000
66 66 (0) 8 : 0.000 0.102 0.052 0.846 0.000 0.000
67 67 (0) 8 : 0.000 0.003 0.001 0.996 0.000 0.000
68 68 (0) 8 : 0.002 0.003 0.001 0.994 0.000 0.000
69 69 (0) 8 : 0.000 0.001 0.000 0.998 0.000 0.000
70 70 (0) 8 : 0.000 0.065 0.000 0.934 0.000 0.000
71 71 (0) 8 : 0.000 0.127 0.008 0.864 0.000 0.000
72 72 (0) 8 : 0.002 0.011 0.002 0.986 0.000 0.000
73 73 (0) 8 : 0.000 0.003 0.000 0.858 0.000 0.138
74 74 (0) 8 : 0.000 0.004 0.001 0.948 0.000 0.048
75 75 (0) 8 : 0.001 0.079 0.002 0.918 0.000 0.000
76 76 (0) 8 : 0.002 0.134 0.004 0.860 0.000 0.000
77 77 (0) 8 : 0.002 0.048 0.002 0.949 0.000 0.000
78 78 (0) 9 : 0.007 0.832 0.129 0.005 0.000 0.028
79 79 (0) 9 : 0.004 0.907 0.086 0.003 0.000 0.000
80 80 (0) 9 : 0.000 0.916 0.083 0.000 0.000 0.000
81 81 (0) 9 : 0.001 0.805 0.094 0.003 0.000 0.097
82 82 (0) 9 : 0.000 0.843 0.079 0.058 0.019 0.000
83 83 (0) 9 : 0.009 0.854 0.116 0.022 0.000 0.000
84 84 (0) 9 : 0.072 0.918 0.008 0.002 0.000 0.000
85 85 (0) 9 : 0.004 0.880 0.115 0.001 0.000 0.000
86 86 (0) 9 : 0.001 0.807 0.043 0.001 0.012 0.137
87 87 (0) 9 : 0.000 0.829 0.169 0.002 0.000 0.000
88 88 (0) 9 : 0.000 0.891 0.102 0.007 0.000 0.000
89 89 (0) 9 : 0.000 0.782 0.085 0.000 0.047 0.086
90 90 (0) 9 : 0.000 0.872 0.073 0.000 0.000 0.053
91 91 (0) 10 : 0.907 0.022 0.014 0.058 0.000 0.000
92 92 (0) 10 : 0.895 0.016 0.004 0.085 0.000 0.000
93 93 (0) 10 : 0.975 0.012 0.012 0.001 0.000 0.000
94 94 (0) 10 : 0.963 0.016 0.018 0.003 0.000 0.000
95 95 (0) 10 : 0.995 0.003 0.001 0.001 0.000 0.000
96 96 (0) 10 : 0.941 0.005 0.047 0.007 0.000 0.000
97 97 (0) 10 : 0.863 0.115 0.005 0.016 0.000 0.000
98 98 (0) 10 : 0.954 0.026 0.007 0.013 0.000 0.000
99 99 (0) 10 : 0.760 0.001 0.000 0.000 0.000 0.238
100 100 (0) 10 : 0.948 0.044 0.007 0.001 0.000 0.000
101 101 (0) 10 : 0.776 0.000 0.000 0.000 0.000 0.222
102 102 (0) 10 : 0.915 0.066 0.001 0.019 0.000 0.000
103 103 (0) 10 : 0.950 0.042 0.001 0.007 0.000 0.000
1 1 (0) 1 : 0.000 0.000 0.001 0.137 0.000 0.861
2 2 (0) 1 : 0.000 0.002 0.002 0.341 0.000 0.655
3 3 (0) 1 : 0.000 0.007 0.045 0.001 0.000 0.947
4 4 (0) 1 : 0.000 0.000 0.002 0.149 0.000 0.848
5 5 (0) 1 : 0.000 0.000 0.000 0.583 0.000 0.416
6 6 (0) 1 : 0.000 0.000 0.000 0.362 0.000 0.638
7 7 (0) 1 : 0.000 0.000 0.001 0.218 0.000 0.780
8 8 (0) 1 : 0.000 0.001 0.003 0.155 0.001 0.841
9 9 (0) 1 : 0.000 0.000 0.003 0.207 0.000 0.789
10 10 (0) 1 : 0.000 0.000 0.000 0.710 0.000 0.289
11 11 (0) 1 : 0.000 0.007 0.070 0.000 0.000 0.923
12 12 (0) 1 : 0.000 0.000 0.007 0.499 0.000 0.493
13 13 (0) 2 : 0.000 0.000 0.000 1.000 0.000 0.000
14 14 (0) 2 : 0.000 0.000 0.000 1.000 0.000 0.000
15 15 (0) 2 : 0.000 0.000 0.000 1.000 0.000 0.000
16 16 (0) 3 : 0.000 0.105 0.001 0.000 0.889 0.004
17 17 (0) 3 : 0.000 0.000 0.001 0.000 0.998 0.000
18 18 (0) 3 : 0.000 0.083 0.001 0.000 0.914 0.001
19 19 (0) 3 : 0.000 0.000 0.000 0.367 0.633 0.000
20 20 (0) 3 : 0.000 0.000 0.000 0.554 0.446 0.000
21 21 (0) 3 : 0.001 0.053 0.010 0.000 0.860 0.076
22 22 (0) 3 : 0.000 0.000 0.000 0.258 0.741 0.000
23 23 (0) 3 : 0.001 0.131 0.003 0.000 0.760 0.106
24 24 (0) 3 : 0.000 0.121 0.028 0.000 0.845 0.005
25 25 (0) 3 : 0.001 0.019 0.001 0.070 0.907 0.001
26 26 (0) 3 : 0.000 0.001 0.004 0.000 0.993 0.002
27 27 (0) 3 : 0.000 0.001 0.001 0.000 0.998 0.000
28 28 (0) 4 : 0.000 0.000 0.008 0.000 0.000 0.991
29 29 (0) 4 : 0.001 0.000 0.001 0.000 0.000 0.998
30 30 (0) 4 : 0.000 0.000 0.001 0.000 0.000 0.998
31 31 (0) 4 : 0.000 0.001 0.000 0.028 0.000 0.970
32 32 (0) 4 : 0.000 0.000 0.001 0.032 0.000 0.967
33 33 (0) 4 : 0.000 0.000 0.001 0.000 0.000 0.999
34 34 (0) 4 : 0.000 0.000 0.000 0.000 0.000 0.999
35 35 (0) 5 : 0.000 0.000 0.996 0.000 0.000 0.004
36 36 (0) 5 : 0.000 0.000 0.997 0.000 0.000 0.002
37 37 (0) 5 : 0.000 0.001 0.997 0.000 0.000 0.002
38 38 (0) 5 : 0.000 0.000 0.998 0.000 0.000 0.001
39 39 (0) 5 : 0.000 0.000 0.999 0.000 0.000 0.000
40 40 (0) 5 : 0.000 0.000 0.714 0.286 0.000 0.000
41 41 (0) 5 : 0.000 0.001 0.998 0.000 0.000 0.001
42 42 (0) 5 : 0.000 0.000 0.928 0.071 0.000 0.000
43 43 (0) 5 : 0.000 0.000 0.964 0.000 0.000 0.035
44 44 (0) 5 : 0.000 0.000 0.999 0.000 0.000 0.000
45 45 (0) 5 : 0.000 0.000 0.992 0.000 0.000 0.008
46 46 (0) 5 : 0.000 0.000 0.999 0.000 0.000 0.001
47 47 (0) 5 : 0.000 0.000 0.999 0.000 0.000 0.001
48 48 (0) 6 : 0.003 0.006 0.000 0.000 0.006 0.984
49 49 (0) 6 : 0.000 0.000 0.003 0.000 0.000 0.996
50 50 (0) 6 : 0.000 0.018 0.008 0.000 0.001 0.972
51 51 (0) 6 : 0.011 0.000 0.003 0.000 0.000 0.985
52 52 (0) 6 : 0.000 0.002 0.000 0.000 0.000 0.997
53 53 (0) 6 : 0.000 0.000 0.001 0.000 0.002 0.996
54 54 (0) 6 : 0.000 0.000 0.007 0.000 0.001 0.992
55 55 (0) 6 : 0.000 0.000 0.001 0.000 0.000 0.998
56 56 (0) 6 : 0.000 0.000 0.004 0.000 0.001 0.995
57 57 (0) 6 : 0.000 0.000 0.001 0.000 0.000 0.998
58 58 (0) 6 : 0.782 0.105 0.003 0.000 0.001 0.109
59 59 (0) 7 : 0.989 0.004 0.001 0.000 0.001 0.004
60 60 (0) 7 : 0.985 0.008 0.001 0.000 0.002 0.004
61 61 (0) 7 : 0.971 0.013 0.002 0.000 0.000 0.014
62 62 (0) 7 : 0.973 0.025 0.001 0.000 0.001 0.001
63 63 (0) 7 : 0.960 0.004 0.025 0.000 0.000 0.011
64 64 (0) 7 : 0.985 0.001 0.003 0.000 0.001 0.011
65 65 (0) 7 : 0.949 0.009 0.000 0.000 0.000 0.041
66 66 (0) 8 : 0.000 0.000 0.070 0.000 0.340 0.589
67 67 (0) 8 : 0.000 0.000 0.012 0.000 0.372 0.616
68 68 (0) 8 : 0.000 0.001 0.001 0.000 0.450 0.548
69 69 (0) 8 : 0.000 0.000 0.000 0.000 0.435 0.564
70 70 (0) 8 : 0.000 0.000 0.000 0.000 0.337 0.662
71 71 (0) 8 : 0.000 0.000 0.017 0.000 0.323 0.660
72 72 (0) 8 : 0.000 0.000 0.000 0.000 0.416 0.583
73 73 (0) 8 : 0.000 0.000 0.000 0.096 0.404 0.500
74 74 (0) 8 : 0.000 0.000 0.000 0.027 0.438 0.534
75 75 (0) 8 : 0.000 0.000 0.001 0.000 0.401 0.597
76 76 (0) 8 : 0.000 0.001 0.001 0.000 0.366 0.632
77 77 (0) 8 : 0.000 0.000 0.001 0.000 0.377 0.621
78 78 (0) 9 : 0.000 0.155 0.114 0.000 0.000 0.731
79 79 (0) 9 : 0.000 0.002 0.084 0.000 0.001 0.913
80 80 (0) 9 : 0.000 0.000 0.097 0.000 0.000 0.902
81 81 (0) 9 : 0.000 0.002 0.095 0.071 0.001 0.830
82 82 (0) 9 : 0.000 0.000 0.086 0.032 0.011 0.870
83 83 (0) 9 : 0.001 0.007 0.111 0.000 0.001 0.880
84 84 (0) 9 : 0.001 0.113 0.008 0.000 0.000 0.879
85 85 (0) 9 : 0.006 0.001 0.110 0.000 0.000 0.883
86 86 (0) 9 : 0.000 0.001 0.043 0.120 0.000 0.835
87 87 (0) 9 : 0.000 0.001 0.176 0.000 0.001 0.822
88 88 (0) 9 : 0.000 0.000 0.091 0.000 0.001 0.908
89 89 (0) 9 : 0.000 0.000 0.089 0.120 0.000 0.790
90 90 (0) 9 : 0.000 0.000 0.071 0.041 0.000 0.887
91 91 (0) 10 : 0.029 0.868 0.003 0.000 0.094 0.006
92 92 (0) 10 : 0.002 0.915 0.001 0.000 0.007 0.076
93 93 (0) 10 : 0.000 0.993 0.005 0.000 0.000 0.001
94 94 (0) 10 : 0.000 0.995 0.003 0.000 0.001 0.000
95 95 (0) 10 : 0.001 0.997 0.000 0.000 0.000 0.002
96 96 (0) 10 : 0.013 0.970 0.012 0.000 0.001 0.005
97 97 (0) 10 : 0.041 0.800 0.004 0.000 0.065 0.090
98 98 (0) 10 : 0.000 0.992 0.007 0.000 0.000 0.001
99 99 (0) 10 : 0.001 0.820 0.000 0.177 0.002 0.000
100 100 (0) 10 : 0.001 0.978 0.002 0.000 0.000 0.018
101 101 (0) 10 : 0.001 0.821 0.000 0.176 0.001 0.000
102 102 (0) 10 : 0.001 0.984 0.001 0.000 0.005 0.009
103 103 (0) 10 : 0.000 0.992 0.000 0.000 0.006 0.001
1 1 (0) 1 : 0.000 0.004 0.000 0.180 0.816 0.000
2 2 (0) 1 : 0.000 0.002 0.000 0.435 0.562 0.000
3 3 (0) 1 : 0.000 0.084 0.004 0.039 0.873 0.000
4 4 (0) 1 : 0.000 0.006 0.000 0.202 0.791 0.000
5 5 (0) 1 : 0.000 0.000 0.000 0.729 0.270 0.000
6 6 (0) 1 : 0.000 0.001 0.000 0.318 0.568 0.112
7 7 (0) 1 : 0.000 0.002 0.000 0.186 0.739 0.073
8 8 (0) 1 : 0.000 0.008 0.000 0.206 0.785 0.000
9 9 (0) 1 : 0.000 0.005 0.000 0.267 0.726 0.002
10 10 (0) 1 : 0.000 0.000 0.000 0.868 0.131 0.000
11 11 (0) 1 : 0.000 0.083 0.017 0.000 0.900 0.000
12 12 (0) 1 : 0.000 0.003 0.000 0.604 0.393 0.000
13 13 (0) 2 : 0.000 0.000 0.000 0.000 0.000 1.000
14 14 (0) 2 : 0.000 0.000 0.000 0.000 0.000 1.000
15 15 (0) 2 : 0.000 0.000 0.000 0.000 0.000 1.000
16 16 (0) 3 : 0.819 0.005 0.102 0.000 0.074 0.000
17 17 (0) 3 : 0.989 0.007 0.001 0.000 0.003 0.000
18 18 (0) 3 : 0.872 0.002 0.065 0.000 0.061 0.000
19 19 (0) 3 : 0.554 0.000 0.000 0.445 0.000 0.001
20 20 (0) 3 : 0.340 0.000 0.000 0.633 0.000 0.026
21 21 (0) 3 : 0.795 0.007 0.051 0.000 0.147 0.000
22 22 (0) 3 : 0.668 0.000 0.000 0.331 0.000 0.000
23 23 (0) 3 : 0.725 0.001 0.105 0.000 0.169 0.000
24 24 (0) 3 : 0.791 0.031 0.089 0.000 0.088 0.000
25 25 (0) 3 : 0.813 0.001 0.015 0.121 0.050 0.000
26 26 (0) 3 : 0.928 0.006 0.001 0.000 0.065 0.000
27 27 (0) 3 : 0.960 0.004 0.001 0.006 0.029 0.000
28 28 (0) 4 : 0.000 0.043 0.000 0.000 0.956 0.000
29 29 (0) 4 : 0.000 0.003 0.000 0.000 0.996 0.000
30 30 (0) 4 : 0.000 0.004 0.000 0.000 0.996 0.000
31 31 (0) 4 : 0.000 0.001 0.001 0.043 0.955 0.000
32 32 (0) 4 : 0.000 0.007 0.000 0.040 0.952 0.001
33 33 (0) 4 : 0.000 0.002 0.000 0.000 0.998 0.000
34 34 (0) 4 : 0.000 0.001 0.000 0.000 0.999 0.000
35 35 (0) 5 : 0.000 0.994 0.000 0.000 0.006 0.000
36 36 (0) 5 : 0.000 0.996 0.000 0.000 0.003 0.000
37 37 (0) 5 : 0.000 0.996 0.001 0.000 0.003 0.000
38 38 (0) 5 : 0.000 0.996 0.000 0.000 0.003 0.000
39 39 (0) 5 : 0.000 0.999 0.000 0.000 0.001 0.000
40 40 (0) 5 : 0.000 0.664 0.000 0.335 0.000 0.000
41 41 (0) 5 : 0.000 0.996 0.001 0.000 0.002 0.000
42 42 (0) 5 : 0.000 0.913 0.000 0.086 0.000 0.000
43 43 (0) 5 : 0.000 0.957 0.000 0.000 0.043 0.000
44 44 (0) 5 : 0.000 0.999 0.000 0.000 0.000 0.000
45 45 (0) 5 : 0.000 0.991 0.000 0.000 0.009 0.000
46 46 (0) 5 : 0.000 0.999 0.000 0.000 0.001 0.000
47 47 (0) 5 : 0.000 0.999 0.000 0.000 0.001 0.000
48 48 (0) 6 : 0.008 0.000 0.002 0.000 0.989 0.000
49 49 (0) 6 : 0.001 0.008 0.001 0.000 0.991 0.000
50 50 (0) 6 : 0.000 0.015 0.013 0.000 0.972 0.000
51 51 (0) 6 : 0.001 0.014 0.000 0.000 0.984 0.000
52 52 (0) 6 : 0.000 0.001 0.002 0.000 0.997 0.000
53 53 (0) 6 : 0.002 0.002 0.000 0.000 0.996 0.000
54 54 (0) 6 : 0.000 0.025 0.000 0.000 0.974 0.000
55 55 (0) 6 : 0.000 0.001 0.000 0.000 0.998 0.000
56 56 (0) 6 : 0.000 0.010 0.000 0.000 0.990 0.000
57 57 (0) 6 : 0.000 0.003 0.000 0.000 0.996 0.000
58 58 (0) 6 : 0.698 0.001 0.251 0.000 0.050 0.000
59 59 (0) 7 : 0.747 0.001 0.251 0.000 0.001 0.000
60 60 (0) 7 : 0.763 0.001 0.231 0.000 0.006 0.000
61 61 (0) 7 : 0.771 0.001 0.225 0.000 0.003 0.000
62 62 (0) 7 : 0.749 0.001 0.250 0.000 0.001 0.000
63 63 (0) 7 : 0.758 0.024 0.214 0.000 0.003 0.000
64 64 (0) 7 : 0.749 0.001 0.248 0.000 0.002 0.000
65 65 (0) 7 : 0.711 0.000 0.229 0.000 0.059 0.000
66 66 (0) 8 : 0.122 0.015 0.001 0.000 0.863 0.000
67 67 (0) 8 : 0.101 0.002 0.001 0.000 0.896 0.000
68 68 (0) 8 : 0.118 0.000 0.004 0.035 0.841 0.000
69 69 (0) 8 : 0.106 0.000 0.001 0.030 0.863 0.000
70 70 (0) 8 : 0.068 0.000 0.001 0.000 0.931 0.000
71 71 (0) 8 : 0.090 0.002 0.001 0.000 0.907 0.000
72 72 (0) 8 : 0.115 0.000 0.008 0.000 0.876 0.000
73 73 (0) 8 : 0.105 0.000 0.000 0.144 0.750 0.000
74 74 (0) 8 : 0.130 0.000 0.000 0.063 0.806 0.000
75 75 (0) 8 : 0.131 0.001 0.001 0.000 0.868 0.000
76 76 (0) 8 : 0.164 0.001 0.003 0.000 0.833 0.000
77 77 (0) 8 : 0.132 0.001 0.001 0.000 0.867 0.000
78 78 (0) 9 : 0.000 0.134 0.134 0.014 0.718 0.000
79 79 (0) 9 : 0.001 0.105 0.001 0.000 0.893 0.000
80 80 (0) 9 : 0.000 0.117 0.000 0.000 0.883 0.000
81 81 (0) 9 : 0.000 0.115 0.001 0.096 0.788 0.000
82 82 (0) 9 : 0.001 0.102 0.001 0.018 0.863 0.017
83 83 (0) 9 : 0.002 0.123 0.004 0.000 0.870 0.000
84 84 (0) 9 : 0.001 0.034 0.109 0.000 0.856 0.000
85 85 (0) 9 : 0.007 0.119 0.001 0.000 0.873 0.000
86 86 (0) 9 : 0.000 0.065 0.001 0.134 0.788 0.012
87 87 (0) 9 : 0.000 0.186 0.001 0.000 0.813 0.000
88 88 (0) 9 : 0.000 0.106 0.000 0.000 0.893 0.000
89 89 (0) 9 : 0.000 0.106 0.000 0.090 0.758 0.046
90 90 (0) 9 : 0.000 0.086 0.000 0.058 0.856 0.000
91 91 (0) 10 : 0.109 0.004 0.862 0.000 0.025 0.000
92 92 (0) 10 : 0.013 0.002 0.902 0.000 0.084 0.000
93 93 (0) 10 : 0.001 0.007 0.991 0.000 0.001 0.000
94 94 (0) 10 : 0.002 0.009 0.989 0.000 0.001 0.000
95 95 (0) 10 : 0.001 0.000 0.997 0.000 0.002 0.000
96 96 (0) 10 : 0.007 0.016 0.966 0.000 0.011 0.000
97 97 (0) 10 : 0.102 0.004 0.801 0.000 0.093 0.000
98 98 (0) 10 : 0.000 0.014 0.984 0.000 0.002 0.000
99 99 (0) 10 : 0.001 0.000 0.782 0.217 0.000 0.000
100 100 (0) 10 : 0.001 0.007 0.981 0.000 0.011 0.000
101 101 (0) 10 : 0.001 0.000 0.786 0.213 0.000 0.000
102 102 (0) 10 : 0.002 0.001 0.962 0.000 0.035 0.000
103 103 (0) 10 : 0.004 0.000 0.987 0.000 0.008 0.000
1 1 (0) 1 : 0.000 0.813 0.187 0.000 0.000 0.000
2 2 (0) 1 : 0.000 0.570 0.430 0.000 0.000 0.000
3 3 (0) 1 : 0.000 0.947 0.046 0.000 0.000 0.007
4 4 (0) 1 : 0.000 0.794 0.205 0.000 0.000 0.000
5 5 (0) 1 : 0.000 0.281 0.719 0.000 0.000 0.000
6 6 (0) 1 : 0.000 0.563 0.325 0.112 0.000 0.000
7 7 (0) 1 : 0.000 0.736 0.193 0.071 0.000 0.000
8 8 (0) 1 : 0.001 0.789 0.210 0.000 0.000 0.000
9 9 (0) 1 : 0.000 0.729 0.269 0.001 0.000 0.000
10 10 (0) 1 : 0.000 0.150 0.850 0.000 0.000 0.000
11 11 (0) 1 : 0.000 0.964 0.000 0.000 0.000 0.035
12 12 (0) 1 : 0.000 0.410 0.590 0.000 0.000 0.000
13 13 (0) 2 : 0.000 0.000 0.000 1.000 0.000 0.000
14 14 (0) 2 : 0.000 0.000 0.000 1.000 0.000 0.000
15 15 (0) 2 : 0.000 0.000 0.000 1.000 0.000 0.000
16 16 (0) 3 : 0.873 0.025 0.000 0.000 0.000 0.101
17 17 (0) 3 : 0.997 0.001 0.000 0.000 0.000 0.001
18 18 (0) 3 : 0.914 0.010 0.000 0.000 0.000 0.075
19 19 (0) 3 : 0.576 0.000 0.423 0.001 0.000 0.000
20 20 (0) 3 : 0.362 0.000 0.620 0.018 0.000 0.000
21 21 (0) 3 : 0.833 0.119 0.000 0.000 0.001 0.047
22 22 (0) 3 : 0.684 0.000 0.315 0.000 0.000 0.000
23 23 (0) 3 : 0.755 0.134 0.000 0.000 0.000 0.111
24 24 (0) 3 : 0.824 0.083 0.000 0.000 0.000 0.093
25 25 (0) 3 : 0.869 0.003 0.113 0.000 0.001 0.015
26 26 (0) 3 : 0.985 0.014 0.000 0.000 0.000 0.001
27 27 (0) 3 : 0.997 0.003 0.000 0.000 0.000 0.000
28 28 (0) 4 : 0.000 0.996 0.000 0.003 0.000 0.000
29 29 (0) 4 : 0.000 0.995 0.000 0.000 0.004 0.001
30 30 (0) 4 : 0.000 0.999 0.000 0.000 0.000 0.001
31 31 (0) 4 : 0.000 0.949 0.049 0.000 0.000 0.001
32 32 (0) 4 : 0.000 0.952 0.046 0.001 0.000 0.000
33 33 (0) 4 : 0.000 0.999 0.000 0.000 0.000 0.000
34 34 (0) 4 : 0.000 0.999 0.000 0.000 0.000 0.000
35 35 (0) 5 : 0.000 1.000 0.000 0.000 0.000 0.000
36 36 (0) 5 : 0.000 1.000 0.000 0.000 0.000 0.000
37 37 (0) 5 : 0.000 1.000 0.000 0.000 0.000 0.000
38 38 (0) 5 : 0.000 1.000 0.000 0.000 0.000 0.000
39 39 (0) 5 : 0.000 1.000 0.000 0.000 0.000 0.000
40 40 (0) 5 : 0.000 0.658 0.342 0.000 0.000 0.000
41 41 (0) 5 : 0.000 1.000 0.000 0.000 0.000 0.000
42 42 (0) 5 : 0.000 0.907 0.093 0.000 0.000 0.000
43 43 (0) 5 : 0.000 1.000 0.000 0.000 0.000 0.000
44 44 (0) 5 : 0.000 1.000 0.000 0.000 0.000 0.000
45 45 (0) 5 : 0.000 1.000 0.000 0.000 0.000 0.000
46 46 (0) 5 : 0.000 1.000 0.000 0.000 0.000 0.000
47 47 (0) 5 : 0.000 1.000 0.000 0.000 0.000 0.000
48 48 (0) 6 : 0.009 0.961 0.000 0.000 0.009 0.021
49 49 (0) 6 : 0.001 0.998 0.000 0.000 0.001 0.001
50 50 (0) 6 : 0.001 0.968 0.000 0.000 0.000 0.031
51 51 (0) 6 : 0.000 0.973 0.000 0.000 0.026 0.001
52 52 (0) 6 : 0.000 0.994 0.000 0.000 0.000 0.006
53 53 (0) 6 : 0.028 0.970 0.000 0.000 0.001 0.001
54 54 (0) 6 : 0.002 0.997 0.000 0.000 0.000 0.000
55 55 (0) 6 : 0.001 0.998 0.000 0.000 0.001 0.000
56 56 (0) 6 : 0.037 0.962 0.000 0.000 0.000 0.000
57 57 (0) 6 : 0.001 0.977 0.019 0.000 0.001 0.002
58 58 (0) 6 : 0.002 0.178 0.000 0.000 0.738 0.081
59 59 (0) 7 : 0.001 0.084 0.000 0.000 0.911 0.004
60 60 (0) 7 : 0.001 0.092 0.000 0.000 0.904 0.003
61 61 (0) 7 : 0.000 0.078 0.000 0.000 0.914 0.008
62 62 (0) 7 : 0.001 0.023 0.000 0.000 0.926 0.051
63 63 (0) 7 : 0.000 0.102 0.000 0.000 0.896 0.001
64 64 (0) 7 : 0.001 0.089 0.000 0.000 0.909 0.001
65 65 (0) 7 : 0.000 0.098 0.000 0.000 0.894 0.008
66 66 (0) 8 : 0.386 0.613 0.000 0.000 0.000 0.000
67 67 (0) 8 : 0.438 0.561 0.000 0.000 0.000 0.000
68 68 (0) 8 : 0.496 0.492 0.011 0.000 0.000 0.000
69 69 (0) 8 : 0.516 0.483 0.000 0.000 0.000 0.000
70 70 (0) 8 : 0.394 0.606 0.000 0.000 0.000 0.000
71 71 (0) 8 : 0.368 0.631 0.000 0.000 0.000 0.000
72 72 (0) 8 : 0.481 0.518 0.000 0.000 0.000 0.001
73 73 (0) 8 : 0.430 0.441 0.129 0.000 0.000 0.000
74 74 (0) 8 : 0.470 0.481 0.049 0.000 0.000 0.000
75 75 (0) 8 : 0.461 0.538 0.000 0.000 0.000 0.000
76 76 (0) 8 : 0.421 0.578 0.000 0.000 0.000 0.001
77 77 (0) 8 : 0.434 0.565 0.000 0.000 0.000 0.000
78 78 (0) 9 : 0.000 0.847 0.018 0.000 0.000 0.135
79 79 (0) 9 : 0.004 0.983 0.000 0.000 0.001 0.012
80 80 (0) 9 : 0.000 0.984 0.015 0.000 0.000 0.000
81 81 (0) 9 : 0.001 0.894 0.101 0.000 0.000 0.003
82 82 (0) 9 : 0.026 0.930 0.030 0.013 0.000 0.000
83 83 (0) 9 : 0.005 0.973 0.000 0.000 0.003 0.019
84 84 (0) 9 : 0.000 0.880 0.000 0.000 0.001 0.118
85 85 (0) 9 : 0.001 0.977 0.000 0.000 0.021 0.001
86 86 (0) 9 : 0.000 0.843 0.141 0.011 0.001 0.003
87 87 (0) 9 : 0.002 0.992 0.000 0.000 0.000 0.006
88 88 (0) 9 : 0.003 0.996 0.000 0.000 0.000 0.001
89 89 (0) 9 : 0.000 0.858 0.095 0.046 0.000 0.000
90 90 (0) 9 : 0.000 0.936 0.063 0.000 0.001 0.000
91 91 (0) 10 : 0.099 0.073 0.000 0.000 0.027 0.801
92 92 (0) 10 : 0.010 0.138 0.000 0.000 0.002 0.850
93 93 (0) 10 : 0.000 0.068 0.000 0.000 0.000 0.931
94 94 (0) 10 : 0.002 0.072 0.000 0.000 0.000 0.926
95 95 (0) 10 : 0.001 0.054 0.000 0.000 0.001 0.944
96 96 (0) 10 : 0.001 0.110 0.000 0.000 0.009 0.881
97 97 (0) 10 : 0.071 0.145 0.000 0.000 0.045 0.739
98 98 (0) 10 : 0.001 0.068 0.000 0.000 0.000 0.931
99 99 (0) 10 : 0.001 0.001 0.215 0.000 0.001 0.782
100 100 (0) 10 : 0.000 0.107 0.000 0.000 0.001 0.892
101 101 (0) 10 : 0.001 0.001 0.212 0.000 0.001 0.785
102 102 (0) 10 : 0.005 0.094 0.000 0.000 0.001 0.900
103 103 (0) 10 : 0.007 0.070 0.000 0.000 0.000 0.924
1 1 (0) 1 : 0.000 0.171 0.003 0.000 0.825 0.000
2 2 (0) 1 : 0.000 0.414 0.001 0.000 0.584 0.000
3 3 (0) 1 : 0.000 0.037 0.061 0.001 0.901 0.000
4 4 (0) 1 : 0.000 0.192 0.005 0.000 0.802 0.000
5 5 (0) 1 : 0.000 0.699 0.000 0.000 0.300 0.000
6 6 (0) 1 : 0.000 0.305 0.000 0.000 0.583 0.112
7 7 (0) 1 : 0.000 0.178 0.002 0.000 0.748 0.072
8 8 (0) 1 : 0.001 0.197 0.004 0.000 0.798 0.000
9 9 (0) 1 : 0.000 0.256 0.002 0.000 0.740 0.001
10 10 (0) 1 : 0.000 0.834 0.000 0.000 0.165 0.000
11 11 (0) 1 : 0.001 0.000 0.071 0.008 0.920 0.000
12 12 (0) 1 : 0.000 0.578 0.003 0.000 0.419 0.000
13 13 (0) 2 : 0.000 0.000 0.000 0.000 0.000 1.000
14 14 (0) 2 : 0.000 0.000 0.000 0.000 0.000 1.000
15 15 (0) 2 : 0.000 0.000 0.000 0.000 0.000 1.000
16 16 (0) 3 : 0.890 0.000 0.001 0.056 0.053 0.000
17 17 (0) 3 : 0.997 0.000 0.001 0.001 0.001 0.000
18 18 (0) 3 : 0.925 0.000 0.002 0.047 0.027 0.000
19 19 (0) 3 : 0.586 0.413 0.000 0.000 0.000 0.001
20 20 (0) 3 : 0.377 0.600 0.000 0.000 0.000 0.023
21 21 (0) 3 : 0.860 0.000 0.004 0.013 0.123 0.000
22 22 (0) 3 : 0.695 0.304 0.000 0.000 0.000 0.000
23 23 (0) 3 : 0.759 0.000 0.001 0.090 0.150 0.000
24 24 (0) 3 : 0.848 0.000 0.042 0.070 0.040 0.000
25 25 (0) 3 : 0.879 0.111 0.001 0.007 0.002 0.000
26 26 (0) 3 : 0.986 0.000 0.008 0.000 0.006 0.000
27 27 (0) 3 : 0.996 0.000 0.001 0.000 0.003 0.000
28 28 (0) 4 : 0.000 0.000 0.008 0.000 0.991 0.000
29 29 (0) 4 : 0.000 0.000 0.001 0.001 0.998 0.000
30 30 (0) 4 : 0.000 0.000 0.001 0.000 0.999 0.000
31 31 (0) 4 : 0.000 0.042 0.001 0.000 0.956 0.000
32 32 (0) 4 : 0.000 0.038 0.002 0.000 0.959 0.001
33 33 (0) 4 : 0.000 0.000 0.001 0.000 0.999 0.000
34 34 (0) 4 : 0.000 0.000 0.000 0.000 0.999 0.000
35 35 (0) 5 : 0.000 0.000 0.991 0.000 0.009 0.000
36 36 (0) 5 : 0.000 0.000 0.994 0.000 0.005 0.000
37 37 (0) 5 : 0.000 0.000 0.995 0.000 0.004 0.000
38 38 (0) 5 : 0.000 0.000 0.998 0.000 0.001 0.000
39 39 (0) 5 : 0.000 0.000 0.999 0.000 0.001 0.000
40 40 (0) 5 : 0.000 0.324 0.675 0.000 0.000 0.000
41 41 (0) 5 : 0.000 0.000 0.997 0.000 0.003 0.000
42 42 (0) 5 : 0.000 0.084 0.916 0.000 0.000 0.000
43 43 (0) 5 : 0.000 0.000 0.950 0.000 0.049 0.000
44 44 (0) 5 : 0.000 0.000 0.999 0.000 0.000 0.000
45 45 (0) 5 : 0.000 0.000 0.985 0.000 0.015 0.000
46 46 (0) 5 : 0.000 0.000 0.999 0.000 0.001 0.000
47 47 (0) 5 : 0.000 0.000 0.998 0.000 0.002 0.000
48 48 (0) 6 : 0.006 0.000 0.000 0.013 0.981 0.000
49 49 (0) 6 : 0.000 0.000 0.003 0.001 0.996 0.000
50 50 (0) 6 : 0.002 0.000 0.010 0.007 0.981 0.000
51 51 (0) 6 : 0.000 0.000 0.004 0.010 0.985 0.000
52 52 (0) 6 : 0.000 0.000 0.001 0.001 0.998 0.000
53 53 (0) 6 : 0.005 0.000 0.001 0.000 0.993 0.000
54 54 (0) 6 : 0.001 0.000 0.009 0.000 0.990 0.000
55 55 (0) 6 : 0.000 0.000 0.001 0.000 0.998 0.000
56 56 (0) 6 : 0.002 0.000 0.003 0.000 0.995 0.000
57 57 (0) 6 : 0.000 0.000 0.001 0.000 0.998 0.000
58 58 (0) 6 : 0.001 0.000 0.002 0.935 0.061 0.000
59 59 (0) 7 : 0.001 0.000 0.001 0.995 0.003 0.000
60 60 (0) 7 : 0.001 0.000 0.000 0.997 0.001 0.000
61 61 (0) 7 : 0.000 0.000 0.001 0.991 0.007 0.000
62 62 (0) 7 : 0.000 0.000 0.000 0.999 0.000 0.000
63 63 (0) 7 : 0.000 0.000 0.008 0.988 0.004 0.000
64 64 (0) 7 : 0.000 0.000 0.001 0.998 0.001 0.000
65 65 (0) 7 : 0.000 0.000 0.000 0.951 0.048 0.000
66 66 (0) 8 : 0.336 0.000 0.058 0.000 0.606 0.000
67 67 (0) 8 : 0.363 0.000 0.008 0.000 0.628 0.000
68 68 (0) 8 : 0.411 0.016 0.001 0.001 0.572 0.000
69 69 (0) 8 : 0.423 0.002 0.000 0.000 0.574 0.000
70 70 (0) 8 : 0.324 0.000 0.000 0.000 0.676 0.000
71 71 (0) 8 : 0.313 0.000 0.011 0.000 0.676 0.000
72 72 (0) 8 : 0.406 0.000 0.000 0.000 0.593 0.000
73 73 (0) 8 : 0.364 0.124 0.001 0.000 0.511 0.000
74 74 (0) 8 : 0.401 0.047 0.000 0.000 0.551 0.000
75 75 (0) 8 : 0.389 0.000 0.001 0.000 0.610 0.000
76 76 (0) 8 : 0.357 0.000 0.001 0.000 0.641 0.000
77 77 (0) 8 : 0.366 0.000 0.001 0.000 0.633 0.000
78 78 (0) 9 : 0.000 0.031 0.128 0.015 0.826 0.000
79 79 (0) 9 : 0.002 0.000 0.087 0.001 0.910 0.000
80 80 (0) 9 : 0.000 0.000 0.096 0.000 0.903 0.000
81 81 (0) 9 : 0.000 0.092 0.096 0.000 0.811 0.000
82 82 (0) 9 : 0.015 0.015 0.084 0.000 0.869 0.017
83 83 (0) 9 : 0.001 0.000 0.105 0.016 0.878 0.000
84 84 (0) 9 : 0.000 0.000 0.027 0.076 0.896 0.000
85 85 (0) 9 : 0.001 0.000 0.105 0.010 0.884 0.000
86 86 (0) 9 : 0.000 0.128 0.045 0.001 0.813 0.012
87 87 (0) 9 : 0.001 0.000 0.164 0.000 0.835 0.000
88 88 (0) 9 : 0.001 0.000 0.094 0.000 0.905 0.000
89 89 (0) 9 : 0.000 0.087 0.085 0.000 0.782 0.046
90 90 (0) 9 : 0.000 0.055 0.073 0.000 0.871 0.000
91 91 (0) 10 : 0.128 0.000 0.011 0.753 0.108 0.000
92 92 (0) 10 : 0.029 0.000 0.002 0.793 0.176 0.000
93 93 (0) 10 : 0.001 0.000 0.006 0.881 0.112 0.000
94 94 (0) 10 : 0.035 0.000 0.007 0.838 0.121 0.000
95 95 (0) 10 : 0.001 0.000 0.000 0.884 0.116 0.000
96 96 (0) 10 : 0.001 0.000 0.024 0.840 0.135 0.000
97 97 (0) 10 : 0.087 0.000 0.003 0.737 0.173 0.000
98 98 (0) 10 : 0.001 0.000 0.003 0.870 0.126 0.000
99 99 (0) 10 : 0.005 0.221 0.001 0.767 0.005 0.000
100 100 (0) 10 : 0.001 0.000 0.003 0.846 0.150 0.000
101 101 (0) 10 : 0.028 0.210 0.000 0.760 0.002 0.000
102 102 (0) 10 : 0.012 0.000 0.001 0.835 0.151 0.000
103 103 (0) 10 : 0.005 0.000 0.001 0.841 0.153 0.000
