-------------------------------------------------------------------------------
 L       Percentage of nodes in the largest component
 D       Percentage of nodes in components of size at most 3 [-div option]
 R       Percentage of nodes not in L or D: 100 - L -D
 S       Percentage of nodes that are singletons
 E       Fraction of edges retained (input graph has 20)
 cce     Expected size of component, nodewise [ sum(sz^2) / sum^2(sz) ]
 EW      Edge weight traits (mean, median and IQR)
 ND      Node degree traits [mean, median and IQR]
 CCF     Clustering coefficient (scale 1-100)
 eff     Induced component efficiency relative to start graph (scale 1-1000)
Total number of nodes: 5
----------------------------------------------------------------------------------------------
  L   D   R   S     E     cce  EWmean   EWmed   EWiqr  NDmean   NDmed  NDiqr CCF  eff  Cutoff 
----------------------------------------------------------------------------------------------
100   0   0   0 1.000       5    0.78    0.82    0.20     4.0     4.5    0.5   -    -     0.50
100   0   0   0 1.000       5    0.78    0.82    0.20     4.0     4.5    0.5   -    -     0.51
100   0   0   0 1.000       5    0.78    0.82    0.20     4.0     4.5    0.5   -    -     0.52
100   0   0   0 1.000       5    0.78    0.82    0.20     4.0     4.5    0.5   -    -     0.53
100   0   0   0 1.000       5    0.78    0.82    0.20     4.0     4.5    0.5   -    -     0.54
100   0   0   0 1.000       5    0.78    0.82    0.20     4.0     4.5    0.5   -    -     0.55
100   0   0   0 1.000       5    0.78    0.82    0.20     4.0     4.5    0.5   -    -     0.56
100   0   0   0 1.000       5    0.78    0.82    0.20     4.0     4.5    0.5   -    -     0.57
100   0   0   0 1.000       5    0.78    0.82    0.20     4.0     4.5    0.5   -    -     0.58
100   0   0   0 1.000       5    0.78    0.82    0.20     4.0     4.5    0.5   -    -     0.59
100   0   0   0 1.000       5    0.78    0.82    0.20     4.0     4.5    0.5   -    -     0.60
100   0   0   0 1.000       5    0.78    0.82    0.20     4.0     4.5    0.5   -    -     0.61
100   0   0   0 1.000       5    0.78    0.82    0.20     4.0     4.5    0.5   -    -     0.62
100   0   0   0 1.000       5    0.78    0.82    0.20     4.0     4.5    0.5   -    -     0.63
100   0   0   0 1.000       5    0.78    0.82    0.20     4.0     4.5    0.5   -    -     0.64
100   0   0   0 1.000       5    0.78    0.82    0.20     4.0     4.5    0.5   -    -     0.65
100   0   0   0 0.900       5    0.80    0.82    0.15     3.6     4.5    1.2   -    -     0.66
100   0   0   0 0.700       5    0.84    0.87    0.05     2.8     3.5    0.5   -    -     0.67
100   0   0   0 0.700       5    0.84    0.87    0.05     2.8     3.5    0.5   -    -     0.68
100   0   0   0 0.700       5    0.84    0.87    0.05     2.8     3.5    0.5   -    -     0.69
100   0   0   0 0.700       5    0.84    0.87    0.05     2.8     3.5    0.5   -    -     0.70
100   0   0   0 0.700       5    0.84    0.87    0.05     2.8     3.5    0.5   -    -     0.71
 80  20   0  20 0.600       3    0.86    0.87    0.06     2.4     3.5    0.5   -    -     0.72
 80  20   0  20 0.600       3    0.86    0.87    0.06     2.4     3.5    0.5   -    -     0.73
 80  20   0  20 0.600       3    0.86    0.87    0.06     2.4     3.5    0.5   -    -     0.74
 80  20   0  20 0.600       3    0.86    0.87    0.06     2.4     3.5    0.5   -    -     0.75
 80  20   0  20 0.600       3    0.86    0.87    0.06     2.4     3.5    0.5   -    -     0.76
 80  20   0  20 0.600       3    0.86    0.87    0.06     2.4     3.5    0.5   -    -     0.77
 80  20   0  20 0.600       3    0.86    0.87    0.06     2.4     3.5    0.5   -    -     0.78
 80  20   0  20 0.600       3    0.86    0.87    0.06     2.4     3.5    0.5   -    -     0.79
 80  20   0  20 0.600       3    0.86    0.87    0.06     2.4     3.5    0.5   -    -     0.80
 80  20   0  20 0.600       3    0.86    0.87    0.06     2.4     3.5    0.5   -    -     0.81
 80  20   0  20 0.500       3    0.87    0.87    0.01     2.0     2.5    1.2   -    -     0.82
 80  20   0  20 0.400       3    0.88    0.87    0.01     1.6     2.5    1.2   -    -     0.83
 80  20   0  20 0.400       3    0.88    0.87    0.01     1.6     2.5    1.2   -    -     0.84
 80  20   0  20 0.400       3    0.88    0.87    0.01     1.6     2.5    1.2   -    -     0.85
 80  20   0  20 0.400       3    0.88    0.87    0.01     1.6     2.5    1.2   -    -     0.86
  0 100   0  40 0.200       2    0.88    0.88    0.01     0.8     1.5    1.2   -    -     0.87
  0 100   0  60 0.100       1    0.89    0.89    0.00     0.4     0.5    1.2   -    -     0.88
  0 100   0  60 0.100       1    0.89    0.89    0.00     0.4     0.5    1.2   -    -     0.89
  0 100   0 100 0.000       1    0.00    0.00    0.00     0.0     0.5    0.5   -    -     0.90
  0 100   0 100 0.000       1    0.00    0.00    0.00     0.0     0.5    0.5   -    -     0.91
  0 100   0 100 0.000       1    0.00    0.00    0.00     0.0     0.5    0.5   -    -     0.92
  0 100   0 100 0.000       1    0.00    0.00    0.00     0.0     0.5    0.5   -    -     0.93
  0 100   0 100 0.000       1    0.00    0.00    0.00     0.0     0.5    0.5   -    -     0.94
  0 100   0 100 0.000       1    0.00    0.00    0.00     0.0     0.5    0.5   -    -     0.95
  0 100   0 100 0.000       1    0.00    0.00    0.00     0.0     0.5    0.5   -    -     0.96
  0 100   0 100 0.000       1    0.00    0.00    0.00     0.0     0.5    0.5   -    -     0.97
  0 100   0 100 0.000       1    0.00    0.00    0.00     0.0     0.5    0.5   -    -     0.98
  0 100   0 100 0.000       1    0.00    0.00    0.00     0.0     0.5    0.5   -    -     0.99
---------------------------------------------------------------------------------------------
