1 1 (0) 1 : 0.009 0.000 0.000 0.000 0.001 0.000 0.243 0.216 0.526 0.001 0.001 0.000 0.000 0.000 0.002
2 2 (0) 1 : 0.000 0.009 0.000 0.000 0.004 0.000 0.524 0.084 0.378 0.001 0.000 0.000 0.000 0.000 0.000
3 3 (0) 1 : 0.019 0.000 0.000 0.000 0.000 0.000 0.073 0.261 0.569 0.074 0.002 0.000 0.000 0.000 0.002
4 4 (0) 1 : 0.001 0.000 0.000 0.000 0.000 0.000 0.292 0.179 0.478 0.005 0.045 0.000 0.000 0.000 0.000
5 5 (0) 1 : 0.000 0.045 0.000 0.000 0.000 0.000 0.789 0.000 0.165 0.000 0.000 0.000 0.000 0.000 0.000
6 6 (0) 1 : 0.453 0.000 0.000 0.000 0.000 0.030 0.141 0.048 0.327 0.000 0.000 0.000 0.000 0.000 0.000
7 7 (0) 1 : 0.279 0.000 0.000 0.000 0.000 0.017 0.090 0.129 0.481 0.001 0.001 0.000 0.001 0.000 0.000
8 8 (0) 1 : 0.025 0.003 0.000 0.001 0.001 0.000 0.220 0.182 0.518 0.003 0.019 0.000 0.027 0.000 0.000
9 9 (0) 1 : 0.131 0.000 0.000 0.000 0.000 0.000 0.279 0.100 0.488 0.001 0.000 0.000 0.000 0.000 0.000
10 10 (0) 1 : 0.000 0.000 0.000 0.000 0.000 0.000 0.000 0.002 0.101 0.000 0.000 0.000 0.896 0.000 0.000
11 11 (0) 1 : 0.015 0.000 0.005 0.001 0.000 0.000 0.006 0.328 0.550 0.075 0.020 0.000 0.000 0.000 0.000
12 12 (0) 1 : 0.031 0.167 0.000 0.000 0.137 0.000 0.170 0.109 0.267 0.003 0.002 0.000 0.113 0.000 0.000
13 13 (0) 2 : 0.000 0.000 0.000 0.000 0.000 1.000 0.000 0.000 0.000 0.000 0.000 0.000 0.000 0.000 0.000
14 14 (0) 2 : 0.000 0.000 0.000 0.000 0.000 1.000 0.000 0.000 0.000 0.000 0.000 0.000 0.000 0.000 0.000
15 15 (0) 2 : 0.000 0.000 0.000 0.000 0.000 1.000 0.000 0.000 0.000 0.000 0.000 0.000 0.000 0.000 0.000
16 16 (0) 3 : 0.000 0.000 0.024 0.001 0.000 0.000 0.000 0.000 0.414 0.000 0.000 0.000 0.000 0.560 0.000
17 17 (0) 3 : 0.000 0.000 0.000 0.000 0.000 0.000 0.000 0.000 0.384 0.000 0.000 0.000 0.000 0.615 0.000
18 18 (0) 3 : 0.000 0.000 0.004 0.000 0.000 0.000 0.000 0.000 0.431 0.000 0.000 0.000 0.000 0.564 0.000
19 19 (0) 3 : 0.000 0.000 0.000 0.000 0.505 0.000 0.000 0.000 0.169 0.000 0.000 0.000 0.000 0.325 0.000
20 20 (0) 3 : 0.000 0.646 0.000 0.000 0.000 0.000 0.000 0.000 0.084 0.000 0.000 0.000 0.003 0.267 0.000
21 21 (0) 3 : 0.000 0.000 0.001 0.001 0.000 0.000 0.000 0.000 0.441 0.001 0.000 0.000 0.000 0.555 0.000
22 22 (0) 3 : 0.000 0.205 0.000 0.000 0.090 0.000 0.000 0.000 0.221 0.000 0.000 0.000 0.000 0.484 0.000
23 23 (0) 3 : 0.000 0.000 0.038 0.003 0.000 0.000 0.000 0.000 0.492 0.000 0.000 0.000 0.000 0.465 0.000
24 24 (0) 3 : 0.000 0.000 0.005 0.000 0.000 0.000 0.000 0.000 0.433 0.000 0.000 0.000 0.000 0.560 0.000
25 25 (0) 3 : 0.000 0.044 0.003 0.000 0.031 0.000 0.001 0.000 0.352 0.001 0.000 0.000 0.016 0.552 0.000
26 26 (0) 3 : 0.000 0.000 0.000 0.000 0.000 0.000 0.000 0.000 0.401 0.000 0.000 0.000 0.000 0.599 0.000
27 27 (0) 3 : 0.000 0.000 0.000 0.000 0.000 0.000 0.000 0.000 0.368 0.000 0.000 0.000 0.000 0.632 0.000
28 28 (0) 4 : 0.000 0.000 0.000 0.000 0.000 0.000 0.000 0.062 0.547 0.000 0.391 0.000 0.000 0.000 0.000
29 29 (0) 4 : 0.000 0.000 0.000 0.000 0.000 0.000 0.000 0.037 0.611 0.001 0.351 0.000 0.000 0.000 0.000
30 30 (0) 4 : 0.000 0.000 0.000 0.000 0.000 0.000 0.000 0.011 0.590 0.001 0.399 0.000 0.000 0.000 0.000
31 31 (0) 4 : 0.000 0.000 0.000 0.000 0.000 0.000 0.005 0.098 0.497 0.000 0.399 0.000 0.000 0.000 0.000
32 32 (0) 4 : 0.000 0.000 0.000 0.000 0.000 0.000 0.000 0.008 0.473 0.001 0.516 0.000 0.000 0.000 0.001
33 33 (0) 4 : 0.000 0.000 0.000 0.000 0.000 0.000 0.000 0.040 0.568 0.002 0.390 0.000 0.000 0.000 0.000
34 34 (0) 4 : 0.000 0.000 0.000 0.000 0.000 0.000 0.000 0.000 0.586 0.000 0.413 0.000 0.000 0.000 0.000
35 35 (0) 5 : 0.000 0.000 0.000 0.000 0.000 0.000 0.000 0.000 0.041 0.958 0.000 0.000 0.000 0.000 0.000
36 36 (0) 5 : 0.000 0.000 0.000 0.000 0.000 0.000 0.000 0.000 0.017 0.981 0.001 0.000 0.000 0.000 0.000
37 37 (0) 5 : 0.000 0.000 0.000 0.000 0.000 0.000 0.000 0.000 0.023 0.976 0.000 0.000 0.000 0.000 0.000
38 38 (0) 5 : 0.000 0.000 0.000 0.000 0.000 0.000 0.000 0.001 0.012 0.987 0.000 0.000 0.000 0.000 0.000
39 39 (0) 5 : 0.000 0.000 0.000 0.000 0.000 0.000 0.000 0.000 0.030 0.970 0.000 0.000 0.000 0.000 0.000
40 40 (0) 5 : 0.000 0.290 0.000 0.000 0.000 0.000 0.000 0.000 0.000 0.709 0.000 0.000 0.000 0.000 0.000
41 41 (0) 5 : 0.000 0.000 0.000 0.000 0.000 0.000 0.000 0.000 0.068 0.932 0.000 0.000 0.000 0.000 0.000
42 42 (0) 5 : 0.000 0.000 0.000 0.000 0.090 0.000 0.000 0.000 0.000 0.909 0.000 0.000 0.000 0.000 0.000
43 43 (0) 5 : 0.000 0.000 0.000 0.000 0.000 0.000 0.000 0.001 0.086 0.912 0.000 0.000 0.000 0.000 0.000
44 44 (0) 5 : 0.000 0.000 0.000 0.000 0.000 0.000 0.000 0.000 0.014 0.986 0.000 0.000 0.000 0.000 0.000
45 45 (0) 5 : 0.000 0.000 0.000 0.000 0.000 0.000 0.000 0.000 0.025 0.973 0.001 0.000 0.000 0.000 0.000
46 46 (0) 5 : 0.000 0.000 0.000 0.000 0.000 0.000 0.000 0.000 0.023 0.977 0.000 0.000 0.000 0.000 0.000
47 47 (0) 5 : 0.000 0.000 0.000 0.000 0.000 0.000 0.000 0.000 0.021 0.978 0.000 0.000 0.000 0.000 0.000
48 48 (0) 6 : 0.000 0.000 0.001 0.002 0.000 0.000 0.000 0.491 0.499 0.000 0.005 0.001 0.000 0.002 0.000
49 49 (0) 6 : 0.000 0.000 0.000 0.000 0.000 0.000 0.000 0.461 0.494 0.002 0.042 0.000 0.000 0.000 0.000
50 50 (0) 6 : 0.000 0.000 0.008 0.001 0.000 0.000 0.000 0.466 0.492 0.006 0.027 0.000 0.000 0.000 0.000
51 51 (0) 6 : 0.000 0.000 0.000 0.000 0.000 0.000 0.000 0.494 0.498 0.001 0.007 0.000 0.000 0.000 0.000
52 52 (0) 6 : 0.000 0.000 0.000 0.000 0.000 0.000 0.000 0.475 0.514 0.000 0.009 0.000 0.000 0.000 0.000
53 53 (0) 6 : 0.000 0.000 0.000 0.000 0.000 0.000 0.000 0.444 0.523 0.000 0.030 0.000 0.000 0.001 0.000
54 54 (0) 6 : 0.000 0.000 0.000 0.001 0.000 0.000 0.000 0.457 0.529 0.003 0.009 0.000 0.000 0.000 0.000
55 55 (0) 6 : 0.000 0.000 0.000 0.001 0.000 0.000 0.000 0.486 0.462 0.001 0.049 0.000 0.000 0.000 0.000
56 56 (0) 6 : 0.000 0.000 0.000 0.080 0.000 0.000 0.000 0.434 0.477 0.001 0.006 0.000 0.000 0.000 0.000
57 57 (0) 6 : 0.000 0.000 0.000 0.000 0.000 0.000 0.000 0.505 0.486 0.002 0.006 0.000 0.000 0.000 0.000
58 58 (0) 6 : 0.000 0.000 0.032 0.000 0.000 0.000 0.000 0.000 0.399 0.001 0.000 0.566 0.000 0.001 0.000
59 59 (0) 7 : 0.000 0.000 0.000 0.000 0.000 0.000 0.000 0.000 0.338 0.000 0.000 0.661 0.000 0.000 0.000
60 60 (0) 7 : 0.000 0.000 0.000 0.000 0.000 0.000 0.000 0.000 0.350 0.000 0.000 0.649 0.000 0.000 0.000
61 61 (0) 7 : 0.000 0.000 0.001 0.000 0.000 0.000 0.000 0.000 0.317 0.000 0.000 0.680 0.000 0.000 0.000
62 62 (0) 7 : 0.000 0.000 0.007 0.000 0.000 0.000 0.000 0.000 0.312 0.000 0.000 0.681 0.000 0.000 0.000
63 63 (0) 7 : 0.000 0.000 0.000 0.000 0.000 0.000 0.000 0.000 0.320 0.002 0.000 0.678 0.000 0.000 0.000
64 64 (0) 7 : 0.000 0.000 0.000 0.000 0.000 0.000 0.000 0.000 0.338 0.000 0.000 0.661 0.000 0.000 0.000
65 65 (0) 7 : 0.000 0.000 0.002 0.000 0.000 0.000 0.000 0.000 0.337 0.000 0.000 0.661 0.000 0.000 0.000
66 66 (0) 8 : 0.000 0.000 0.000 0.428 0.000 0.000 0.000 0.006 0.532 0.032 0.000 0.000 0.000 0.002 0.000
67 67 (0) 8 : 0.000 0.000 0.000 0.566 0.000 0.000 0.000 0.000 0.433 0.000 0.000 0.000 0.000 0.000 0.000
68 68 (0) 8 : 0.000 0.000 0.000 0.536 0.000 0.000 0.000 0.000 0.463 0.000 0.000 0.000 0.000 0.000 0.000
69 69 (0) 8 : 0.000 0.000 0.000 0.518 0.000 0.000 0.000 0.000 0.481 0.000 0.000 0.000 0.000 0.000 0.000
70 70 (0) 8 : 0.000 0.000 0.000 0.471 0.000 0.000 0.000 0.000 0.528 0.000 0.000 0.000 0.000 0.000 0.000
71 71 (0) 8 : 0.000 0.000 0.000 0.458 0.000 0.000 0.000 0.003 0.511 0.022 0.005 0.000 0.000 0.000 0.000
72 72 (0) 8 : 0.000 0.000 0.000 0.503 0.000 0.000 0.000 0.000 0.495 0.001 0.000 0.000 0.000 0.000 0.000
73 73 (0) 8 : 0.000 0.006 0.000 0.463 0.053 0.000 0.072 0.000 0.404 0.000 0.000 0.000 0.002 0.000 0.000
74 74 (0) 8 : 0.000 0.001 0.000 0.503 0.037 0.000 0.000 0.000 0.457 0.000 0.000 0.000 0.000 0.000 0.000
75 75 (0) 8 : 0.000 0.000 0.000 0.479 0.000 0.000 0.000 0.001 0.513 0.005 0.000 0.000 0.000 0.001 0.000
76 76 (0) 8 : 0.000 0.000 0.001 0.457 0.000 0.000 0.000 0.031 0.506 0.004 0.000 0.000 0.000 0.001 0.000
77 77 (0) 8 : 0.000 0.000 0.000 0.537 0.000 0.000 0.000 0.000 0.462 0.000 0.000 0.000 0.000 0.000 0.000
78 78 (0) 9 : 0.071 0.001 0.007 0.000 0.000 0.000 0.000 0.235 0.506 0.089 0.000 0.000 0.000 0.000 0.090
79 79 (0) 9 : 0.043 0.000 0.000 0.000 0.000 0.000 0.000 0.294 0.541 0.079 0.001 0.000 0.000 0.000 0.041
80 80 (0) 9 : 0.052 0.000 0.000 0.000 0.000 0.000 0.000 0.259 0.558 0.073 0.000 0.000 0.000 0.000 0.058
81 81 (0) 9 : 0.099 0.000 0.000 0.000 0.000 0.000 0.000 0.188 0.510 0.036 0.001 0.000 0.000 0.000 0.165
82 82 (0) 9 : 0.070 0.000 0.000 0.007 0.000 0.000 0.000 0.176 0.524 0.082 0.052 0.000 0.000 0.000 0.089
83 83 (0) 9 : 0.041 0.000 0.001 0.007 0.000 0.000 0.000 0.250 0.556 0.102 0.000 0.000 0.000 0.000 0.042
84 84 (0) 9 : 0.056 0.000 0.008 0.000 0.000 0.000 0.000 0.239 0.619 0.008 0.003 0.000 0.000 0.000 0.066
85 85 (0) 9 : 0.034 0.000 0.000 0.000 0.000 0.000 0.000 0.244 0.602 0.087 0.002 0.003 0.000 0.000 0.027
86 86 (0) 9 : 0.116 0.000 0.000 0.000 0.000 0.001 0.001 0.191 0.485 0.002 0.004 0.000 0.000 0.000 0.199
87 87 (0) 9 : 0.038 0.000 0.000 0.000 0.000 0.000 0.000 0.250 0.534 0.137 0.000 0.000 0.000 0.000 0.039
88 88 (0) 9 : 0.033 0.000 0.000 0.000 0.000 0.000 0.000 0.291 0.549 0.086 0.008 0.000 0.000 0.000 0.033
89 89 (0) 9 : 0.178 0.000 0.000 0.000 0.000 0.008 0.000 0.126 0.529 0.044 0.001 0.000 0.000 0.000 0.114
90 90 (0) 9 : 0.075 0.000 0.000 0.000 0.002 0.000 0.000 0.230 0.572 0.016 0.000 0.000 0.000 0.000 0.104
91 91 (0) 10 : 0.000 0.000 0.498 0.000 0.000 0.000 0.000 0.000 0.430 0.000 0.000 0.019 0.000 0.051 0.001
92 92 (0) 10 : 0.000 0.000 0.528 0.001 0.000 0.000 0.000 0.001 0.467 0.001 0.000 0.001 0.000 0.001 0.000
93 93 (0) 10 : 0.000 0.000 0.587 0.000 0.000 0.000 0.000 0.000 0.411 0.001 0.000 0.000 0.000 0.000 0.000
94 94 (0) 10 : 0.000 0.000 0.568 0.000 0.000 0.000 0.000 0.000 0.428 0.002 0.000 0.000 0.000 0.002 0.000
95 95 (0) 10 : 0.000 0.000 0.553 0.000 0.000 0.000 0.000 0.000 0.446 0.000 0.000 0.000 0.000 0.000 0.000
96 96 (0) 10 : 0.000 0.000 0.554 0.000 0.000 0.000 0.000 0.000 0.440 0.000 0.000 0.004 0.000 0.000 0.000
97 97 (0) 10 : 0.000 0.000 0.480 0.000 0.000 0.000 0.000 0.003 0.426 0.002 0.000 0.027 0.000 0.060 0.001
98 98 (0) 10 : 0.000 0.000 0.576 0.000 0.000 0.000 0.000 0.000 0.423 0.000 0.000 0.000 0.000 0.000 0.000
99 99 (0) 10 : 0.000 0.000 0.459 0.000 0.245 0.000 0.000 0.000 0.295 0.000 0.000 0.000 0.000 0.000 0.000
100 100 (0) 10 : 0.000 0.000 0.559 0.000 0.000 0.000 0.000 0.000 0.439 0.000 0.000 0.000 0.000 0.000 0.000
101 101 (0) 10 : 0.000 0.000 0.465 0.000 0.231 0.000 0.000 0.000 0.303 0.000 0.000 0.000 0.000 0.000 0.000
102 102 (0) 10 : 0.000 0.000 0.544 0.001 0.000 0.000 0.000 0.000 0.454 0.000 0.000 0.001 0.000 0.000 0.000
103 103 (0) 10 : 0.000 0.000 0.546 0.000 0.000 0.000 0.000 0.000 0.452 0.000 0.000 0.000 0.000 0.001 0.000
1 1 (0) 1 : 0.007 0.001 0.000 0.000 0.186 0.001 0.000 0.000 0.001 0.000 0.227 0.001 0.000 0.549 0.028
2 2 (0) 1 : 0.000 0.000 0.000 0.000 0.074 0.000 0.000 0.000 0.001 0.000 0.523 0.000 0.000 0.398 0.003
3 3 (0) 1 : 0.018 0.000 0.000 0.000 0.218 0.001 0.000 0.000 0.075 0.000 0.060 0.000 0.000 0.596 0.030
4 4 (0) 1 : 0.001 0.000 0.000 0.000 0.149 0.044 0.000 0.000 0.014 0.000 0.277 0.000 0.000 0.496 0.019
5 5 (0) 1 : 0.000 0.000 0.000 0.000 0.000 0.000 0.000 0.000 0.000 0.000 0.832 0.000 0.000 0.168 0.000
6 6 (0) 1 : 0.624 0.000 0.000 0.000 0.044 0.000 0.000 0.000 0.000 0.000 0.000 0.000 0.000 0.331 0.000
7 7 (0) 1 : 0.373 0.000 0.000 0.001 0.110 0.000 0.000 0.000 0.002 0.000 0.000 0.000 0.000 0.499 0.014
8 8 (0) 1 : 0.030 0.000 0.000 0.028 0.161 0.008 0.000 0.000 0.002 0.000 0.203 0.001 0.000 0.544 0.024
9 9 (0) 1 : 0.178 0.000 0.000 0.000 0.089 0.000 0.000 0.000 0.001 0.000 0.224 0.000 0.000 0.506 0.002
10 10 (0) 1 : 0.006 0.006 0.000 0.884 0.004 0.000 0.000 0.000 0.000 0.000 0.000 0.000 0.000 0.100 0.000
11 11 (0) 1 : 0.013 0.000 0.004 0.000 0.299 0.007 0.000 0.000 0.075 0.000 0.000 0.002 0.000 0.577 0.021
12 12 (0) 1 : 0.027 0.153 0.000 0.143 0.089 0.002 0.000 0.000 0.002 0.000 0.181 0.000 0.120 0.268 0.015
13 13 (0) 2 : 0.000 0.000 0.000 0.000 0.000 0.000 0.000 0.000 0.000 1.000 0.000 0.000 0.000 0.000 0.000
14 14 (0) 2 : 0.000 0.000 0.000 0.000 0.000 0.000 0.000 0.000 0.000 1.000 0.000 0.000 0.000 0.000 0.000
15 15 (0) 2 : 0.000 0.000 0.000 0.000 0.000 0.000 0.000 0.000 0.000 1.000 0.000 0.000 0.000 0.000 0.000
16 16 (0) 3 : 0.000 0.000 0.022 0.000 0.000 0.000 0.000 0.576 0.000 0.000 0.000 0.001 0.000 0.400 0.000
17 17 (0) 3 : 0.000 0.000 0.000 0.000 0.000 0.000 0.000 0.631 0.000 0.000 0.000 0.000 0.000 0.368 0.000
18 18 (0) 3 : 0.000 0.000 0.004 0.000 0.000 0.000 0.000 0.563 0.000 0.000 0.000 0.000 0.013 0.420 0.000
19 19 (0) 3 : 0.000 0.561 0.000 0.000 0.000 0.000 0.000 0.303 0.000 0.000 0.000 0.000 0.000 0.136 0.000
20 20 (0) 3 : 0.000 0.000 0.000 0.090 0.000 0.000 0.000 0.243 0.000 0.000 0.000 0.000 0.614 0.052 0.000
21 21 (0) 3 : 0.000 0.000 0.002 0.000 0.000 0.000 0.000 0.567 0.001 0.000 0.000 0.001 0.000 0.429 0.000
22 22 (0) 3 : 0.000 0.108 0.000 0.028 0.000 0.000 0.000 0.499 0.000 0.000 0.005 0.000 0.174 0.185 0.000
23 23 (0) 3 : 0.000 0.000 0.039 0.000 0.000 0.000 0.000 0.476 0.000 0.000 0.000 0.003 0.000 0.481 0.000
24 24 (0) 3 : 0.000 0.000 0.004 0.000 0.000 0.000 0.000 0.574 0.001 0.000 0.000 0.000 0.000 0.420 0.000
25 25 (0) 3 : 0.000 0.041 0.000 0.023 0.000 0.000 0.000 0.558 0.000 0.000 0.001 0.000 0.035 0.341 0.000
26 26 (0) 3 : 0.000 0.000 0.000 0.000 0.000 0.000 0.000 0.614 0.000 0.000 0.000 0.000 0.000 0.386 0.000
27 27 (0) 3 : 0.000 0.000 0.000 0.000 0.000 0.000 0.000 0.646 0.000 0.000 0.000 0.000 0.000 0.354 0.000
28 28 (0) 4 : 0.000 0.000 0.000 0.000 0.062 0.367 0.000 0.000 0.000 0.000 0.000 0.000 0.000 0.570 0.000
29 29 (0) 4 : 0.000 0.000 0.000 0.000 0.037 0.329 0.000 0.000 0.000 0.000 0.000 0.000 0.000 0.633 0.000
30 30 (0) 4 : 0.000 0.000 0.000 0.000 0.014 0.372 0.000 0.000 0.000 0.000 0.000 0.000 0.000 0.613 0.000
31 31 (0) 4 : 0.000 0.000 0.000 0.000 0.102 0.354 0.000 0.000 0.000 0.000 0.017 0.000 0.000 0.525 0.000
32 32 (0) 4 : 0.000 0.000 0.000 0.000 0.011 0.494 0.000 0.000 0.001 0.000 0.000 0.000 0.000 0.492 0.001
33 33 (0) 4 : 0.000 0.000 0.000 0.000 0.040 0.365 0.000 0.000 0.001 0.000 0.000 0.000 0.000 0.593 0.000
34 34 (0) 4 : 0.000 0.000 0.000 0.000 0.000 0.390 0.000 0.000 0.000 0.000 0.000 0.000 0.000 0.609 0.000
35 35 (0) 5 : 0.000 0.000 0.000 0.000 0.000 0.000 0.000 0.000 0.964 0.000 0.000 0.000 0.000 0.035 0.000
36 36 (0) 5 : 0.000 0.000 0.000 0.000 0.000 0.001 0.000 0.000 0.987 0.000 0.000 0.000 0.000 0.011 0.000
37 37 (0) 5 : 0.000 0.000 0.000 0.000 0.000 0.000 0.000 0.000 0.984 0.000 0.000 0.000 0.000 0.015 0.000
38 38 (0) 5 : 0.000 0.000 0.000 0.000 0.000 0.000 0.000 0.000 0.992 0.000 0.000 0.000 0.000 0.007 0.000
39 39 (0) 5 : 0.000 0.000 0.000 0.000 0.000 0.000 0.000 0.000 0.978 0.000 0.000 0.000 0.000 0.021 0.000
40 40 (0) 5 : 0.000 0.108 0.000 0.005 0.000 0.000 0.000 0.000 0.685 0.000 0.007 0.000 0.194 0.000 0.000
41 41 (0) 5 : 0.000 0.000 0.000 0.000 0.000 0.000 0.000 0.000 0.938 0.000 0.000 0.000 0.000 0.061 0.000
42 42 (0) 5 : 0.000 0.096 0.000 0.000 0.000 0.000 0.000 0.000 0.903 0.000 0.000 0.000 0.000 0.000 0.000
43 43 (0) 5 : 0.000 0.000 0.000 0.000 0.001 0.000 0.000 0.000 0.914 0.000 0.000 0.000 0.000 0.084 0.000
44 44 (0) 5 : 0.000 0.000 0.000 0.000 0.000 0.000 0.000 0.000 0.992 0.000 0.000 0.000 0.000 0.008 0.000
45 45 (0) 5 : 0.000 0.000 0.000 0.000 0.000 0.001 0.000 0.000 0.980 0.000 0.000 0.000 0.000 0.018 0.000
46 46 (0) 5 : 0.000 0.000 0.000 0.000 0.000 0.000 0.000 0.000 0.985 0.000 0.000 0.000 0.000 0.014 0.000
47 47 (0) 5 : 0.000 0.000 0.000 0.000 0.000 0.000 0.000 0.000 0.983 0.000 0.000 0.000 0.000 0.017 0.000
48 48 (0) 6 : 0.000 0.000 0.001 0.000 0.468 0.001 0.001 0.002 0.000 0.000 0.000 0.002 0.000 0.526 0.000
49 49 (0) 6 : 0.000 0.000 0.000 0.000 0.442 0.033 0.000 0.000 0.002 0.000 0.000 0.000 0.000 0.521 0.001
50 50 (0) 6 : 0.000 0.000 0.008 0.000 0.453 0.013 0.000 0.000 0.005 0.000 0.000 0.001 0.000 0.519 0.000
51 51 (0) 6 : 0.000 0.000 0.000 0.000 0.473 0.001 0.000 0.000 0.001 0.000 0.000 0.000 0.000 0.525 0.000
52 52 (0) 6 : 0.000 0.000 0.001 0.000 0.458 0.000 0.000 0.000 0.000 0.000 0.000 0.000 0.000 0.540 0.000
53 53 (0) 6 : 0.000 0.000 0.000 0.000 0.427 0.020 0.000 0.001 0.000 0.000 0.000 0.000 0.000 0.551 0.000
54 54 (0) 6 : 0.000 0.000 0.000 0.000 0.434 0.002 0.000 0.000 0.003 0.000 0.000 0.001 0.000 0.559 0.001
55 55 (0) 6 : 0.000 0.000 0.000 0.000 0.474 0.033 0.000 0.000 0.001 0.000 0.000 0.001 0.000 0.492 0.000
56 56 (0) 6 : 0.000 0.000 0.000 0.000 0.413 0.001 0.000 0.000 0.003 0.000 0.000 0.079 0.000 0.503 0.000
57 57 (0) 6 : 0.000 0.000 0.000 0.000 0.483 0.000 0.000 0.000 0.002 0.000 0.000 0.000 0.000 0.513 0.000
58 58 (0) 6 : 0.000 0.000 0.033 0.000 0.000 0.000 0.576 0.000 0.001 0.000 0.000 0.000 0.000 0.388 0.000
59 59 (0) 7 : 0.000 0.000 0.000 0.000 0.000 0.000 0.675 0.000 0.000 0.000 0.000 0.000 0.000 0.323 0.000
60 60 (0) 7 : 0.000 0.000 0.000 0.000 0.000 0.000 0.661 0.000 0.000 0.000 0.000 0.000 0.000 0.338 0.000
61 61 (0) 7 : 0.000 0.000 0.001 0.000 0.000 0.000 0.695 0.000 0.000 0.000 0.000 0.000 0.000 0.303 0.000
62 62 (0) 7 : 0.000 0.000 0.005 0.000 0.000 0.000 0.693 0.000 0.000 0.000 0.000 0.000 0.000 0.301 0.000
63 63 (0) 7 : 0.000 0.000 0.000 0.000 0.000 0.000 0.692 0.000 0.002 0.000 0.000 0.000 0.000 0.305 0.000
64 64 (0) 7 : 0.000 0.000 0.000 0.000 0.000 0.000 0.677 0.000 0.000 0.000 0.000 0.000 0.000 0.322 0.000
65 65 (0) 7 : 0.000 0.000 0.001 0.000 0.000 0.000 0.672 0.000 0.000 0.000 0.000 0.000 0.000 0.326 0.000
66 66 (0) 8 : 0.000 0.000 0.000 0.000 0.008 0.000 0.000 0.002 0.028 0.000 0.000 0.427 0.000 0.536 0.000
67 67 (0) 8 : 0.000 0.000 0.000 0.000 0.000 0.000 0.000 0.000 0.000 0.000 0.000 0.567 0.000 0.432 0.000
68 68 (0) 8 : 0.000 0.000 0.000 0.000 0.000 0.000 0.000 0.000 0.000 0.000 0.000 0.538 0.000 0.461 0.000
69 69 (0) 8 : 0.000 0.000 0.000 0.000 0.000 0.000 0.000 0.000 0.000 0.000 0.000 0.519 0.000 0.480 0.000
70 70 (0) 8 : 0.000 0.000 0.000 0.000 0.000 0.000 0.000 0.000 0.000 0.000 0.000 0.469 0.000 0.531 0.000
71 71 (0) 8 : 0.000 0.000 0.000 0.000 0.001 0.002 0.000 0.000 0.027 0.000 0.000 0.456 0.000 0.513 0.000
72 72 (0) 8 : 0.000 0.000 0.000 0.000 0.000 0.000 0.000 0.000 0.000 0.000 0.000 0.505 0.000 0.494 0.000
73 73 (0) 8 : 0.000 0.051 0.000 0.004 0.000 0.000 0.000 0.000 0.000 0.000 0.089 0.456 0.000 0.400 0.000
74 74 (0) 8 : 0.000 0.033 0.000 0.000 0.000 0.000 0.000 0.001 0.000 0.000 0.000 0.503 0.008 0.455 0.000
75 75 (0) 8 : 0.000 0.000 0.000 0.000 0.002 0.000 0.000 0.001 0.004 0.000 0.000 0.480 0.000 0.512 0.000
76 76 (0) 8 : 0.000 0.000 0.001 0.000 0.028 0.000 0.000 0.001 0.006 0.000 0.000 0.456 0.000 0.508 0.000
77 77 (0) 8 : 0.000 0.000 0.000 0.000 0.000 0.000 0.000 0.000 0.001 0.000 0.000 0.539 0.000 0.459 0.000
78 78 (0) 9 : 0.000 0.000 0.000 0.000 0.162 0.000 0.000 0.000 0.081 0.000 0.000 0.001 0.000 0.537 0.220
79 79 (0) 9 : 0.000 0.000 0.000 0.000 0.222 0.001 0.000 0.000 0.076 0.000 0.000 0.000 0.000 0.574 0.127
80 80 (0) 9 : 0.000 0.000 0.000 0.000 0.184 0.000 0.000 0.000 0.066 0.000 0.000 0.000 0.000 0.592 0.158
81 81 (0) 9 : 0.000 0.000 0.000 0.000 0.127 0.001 0.000 0.000 0.030 0.000 0.000 0.000 0.000 0.530 0.313
82 82 (0) 9 : 0.000 0.000 0.000 0.000 0.121 0.051 0.000 0.000 0.068 0.000 0.000 0.009 0.000 0.553 0.199
83 83 (0) 9 : 0.000 0.000 0.000 0.000 0.183 0.000 0.000 0.000 0.100 0.000 0.000 0.007 0.000 0.585 0.125
84 84 (0) 9 : 0.000 0.000 0.002 0.000 0.171 0.002 0.000 0.000 0.005 0.000 0.000 0.000 0.000 0.649 0.170
85 85 (0) 9 : 0.000 0.000 0.000 0.000 0.184 0.001 0.002 0.000 0.086 0.000 0.000 0.000 0.000 0.627 0.098
86 86 (0) 9 : 0.001 0.000 0.000 0.007 0.158 0.005 0.000 0.000 0.004 0.006 0.064 0.000 0.001 0.503 0.251
87 87 (0) 9 : 0.000 0.000 0.000 0.000 0.188 0.000 0.000 0.000 0.133 0.000 0.000 0.000 0.000 0.562 0.116
88 88 (0) 9 : 0.000 0.000 0.000 0.000 0.237 0.002 0.000 0.000 0.085 0.000 0.000 0.000 0.000 0.577 0.098
89 89 (0) 9 : 0.090 0.000 0.000 0.000 0.072 0.000 0.000 0.000 0.054 0.008 0.000 0.000 0.000 0.539 0.237
90 90 (0) 9 : 0.000 0.000 0.000 0.000 0.168 0.000 0.000 0.000 0.009 0.000 0.000 0.000 0.000 0.596 0.226
91 91 (0) 10 : 0.000 0.000 0.510 0.000 0.000 0.000 0.019 0.054 0.001 0.000 0.000 0.000 0.000 0.416 0.000
92 92 (0) 10 : 0.000 0.000 0.540 0.000 0.001 0.000 0.001 0.001 0.000 0.000 0.000 0.001 0.000 0.455 0.000
93 93 (0) 10 : 0.000 0.000 0.600 0.000 0.000 0.000 0.000 0.000 0.000 0.000 0.000 0.000 0.000 0.399 0.000
94 94 (0) 10 : 0.000 0.000 0.584 0.000 0.000 0.000 0.000 0.002 0.007 0.000 0.000 0.000 0.000 0.407 0.000
95 95 (0) 10 : 0.000 0.000 0.565 0.000 0.000 0.000 0.000 0.000 0.000 0.000 0.000 0.000 0.000 0.434 0.000
96 96 (0) 10 : 0.000 0.000 0.564 0.000 0.000 0.000 0.005 0.000 0.002 0.000 0.000 0.000 0.000 0.429 0.000
97 97 (0) 10 : 0.000 0.000 0.491 0.000 0.003 0.000 0.026 0.061 0.001 0.000 0.000 0.000 0.000 0.417 0.001
98 98 (0) 10 : 0.000 0.000 0.589 0.000 0.000 0.000 0.000 0.000 0.001 0.000 0.000 0.000 0.000 0.410 0.000
99 99 (0) 10 : 0.000 0.065 0.500 0.024 0.000 0.000 0.000 0.001 0.000 0.000 0.049 0.000 0.091 0.269 0.000
100 100 (0) 10 : 0.000 0.000 0.569 0.000 0.000 0.000 0.000 0.000 0.000 0.000 0.000 0.000 0.000 0.430 0.000
101 101 (0) 10 : 0.000 0.164 0.486 0.011 0.000 0.000 0.001 0.000 0.000 0.000 0.005 0.000 0.049 0.284 0.000
102 102 (0) 10 : 0.000 0.000 0.555 0.000 0.000 0.000 0.001 0.000 0.000 0.000 0.000 0.000 0.000 0.443 0.000
103 103 (0) 10 : 0.000 0.000 0.560 0.000 0.000 0.000 0.000 0.002 0.000 0.000 0.000 0.000 0.000 0.438 0.000
1 1 (0) 1 : 0.522 0.001 0.000 0.225 0.000 0.001 0.022 0.004 0.000 0.000 0.000 0.005 0.000 0.219 0.000
2 2 (0) 1 : 0.383 0.000 0.000 0.105 0.000 0.001 0.006 0.023 0.000 0.000 0.000 0.000 0.000 0.481 0.001
3 3 (0) 1 : 0.564 0.001 0.000 0.266 0.000 0.071 0.025 0.000 0.001 0.000 0.000 0.017 0.000 0.055 0.000
4 4 (0) 1 : 0.472 0.037 0.000 0.195 0.000 0.006 0.018 0.000 0.000 0.000 0.000 0.001 0.000 0.270 0.000
5 5 (0) 1 : 0.170 0.000 0.000 0.000 0.000 0.000 0.000 0.000 0.000 0.000 0.000 0.002 0.000 0.827 0.000
6 6 (0) 1 : 0.319 0.000 0.000 0.065 0.000 0.000 0.002 0.000 0.000 0.000 0.000 0.614 0.000 0.000 0.000
7 7 (0) 1 : 0.477 0.000 0.000 0.141 0.000 0.002 0.009 0.000 0.000 0.000 0.000 0.367 0.000 0.000 0.004
8 8 (0) 1 : 0.508 0.011 0.000 0.198 0.000 0.003 0.015 0.017 0.000 0.001 0.000 0.030 0.000 0.178 0.038
9 9 (0) 1 : 0.486 0.000 0.000 0.113 0.000 0.001 0.001 0.000 0.000 0.000 0.000 0.185 0.000 0.212 0.000
10 10 (0) 1 : 0.118 0.000 0.000 0.039 0.000 0.000 0.000 0.395 0.000 0.319 0.000 0.033 0.000 0.000 0.095
11 11 (0) 1 : 0.547 0.007 0.000 0.341 0.000 0.074 0.015 0.000 0.003 0.000 0.001 0.010 0.000 0.000 0.001
12 12 (0) 1 : 0.156 0.000 0.000 0.040 0.000 0.000 0.000 0.003 0.000 0.004 0.000 0.000 0.000 0.001 0.795
13 13 (0) 2 : 0.000 0.000 1.000 0.000 0.000 0.000 0.000 0.000 0.000 0.000 0.000 0.000 0.000 0.000 0.000
14 14 (0) 2 : 0.000 0.000 1.000 0.000 0.000 0.000 0.000 0.000 0.000 0.000 0.000 0.000 0.000 0.000 0.000
15 15 (0) 2 : 0.000 0.000 1.000 0.000 0.000 0.000 0.000 0.000 0.000 0.000 0.000 0.000 0.000 0.000 0.000
16 16 (0) 3 : 0.411 0.000 0.000 0.000 0.000 0.000 0.000 0.000 0.022 0.000 0.001 0.000 0.565 0.000 0.000
17 17 (0) 3 : 0.381 0.000 0.000 0.000 0.000 0.000 0.000 0.000 0.000 0.000 0.000 0.000 0.618 0.000 0.000
18 18 (0) 3 : 0.433 0.000 0.000 0.000 0.000 0.000 0.000 0.000 0.005 0.023 0.000 0.000 0.537 0.000 0.000
19 19 (0) 3 : 0.171 0.000 0.005 0.000 0.000 0.000 0.000 0.313 0.000 0.015 0.000 0.001 0.412 0.026 0.056
20 20 (0) 3 : 0.031 0.000 0.000 0.000 0.000 0.000 0.000 0.000 0.000 0.750 0.000 0.000 0.214 0.000 0.004
21 21 (0) 3 : 0.437 0.000 0.000 0.000 0.000 0.002 0.000 0.000 0.001 0.000 0.001 0.000 0.558 0.000 0.000
22 22 (0) 3 : 0.192 0.000 0.000 0.000 0.000 0.000 0.000 0.082 0.000 0.180 0.000 0.000 0.499 0.027 0.019
23 23 (0) 3 : 0.488 0.000 0.000 0.000 0.000 0.000 0.000 0.000 0.037 0.000 0.004 0.000 0.469 0.000 0.000
24 24 (0) 3 : 0.430 0.000 0.000 0.000 0.000 0.001 0.000 0.000 0.004 0.000 0.001 0.000 0.564 0.000 0.000
25 25 (0) 3 : 0.352 0.000 0.000 0.000 0.000 0.000 0.000 0.039 0.000 0.041 0.000 0.000 0.556 0.008 0.003
26 26 (0) 3 : 0.397 0.000 0.000 0.000 0.000 0.000 0.000 0.000 0.000 0.000 0.000 0.000 0.602 0.000 0.000
27 27 (0) 3 : 0.365 0.000 0.000 0.000 0.000 0.000 0.000 0.000 0.000 0.000 0.000 0.000 0.634 0.000 0.000
28 28 (0) 4 : 0.545 0.382 0.000 0.072 0.000 0.000 0.000 0.000 0.000 0.000 0.000 0.000 0.000 0.000 0.000
29 29 (0) 4 : 0.608 0.348 0.000 0.043 0.000 0.000 0.000 0.000 0.000 0.000 0.000 0.000 0.000 0.000 0.000
30 30 (0) 4 : 0.589 0.397 0.000 0.013 0.000 0.001 0.000 0.000 0.000 0.000 0.000 0.000 0.000 0.000 0.000
31 31 (0) 4 : 0.507 0.342 0.000 0.119 0.000 0.000 0.000 0.000 0.000 0.000 0.000 0.000 0.000 0.030 0.000
32 32 (0) 4 : 0.470 0.513 0.000 0.010 0.000 0.002 0.004 0.000 0.000 0.000 0.000 0.000 0.000 0.000 0.000
33 33 (0) 4 : 0.565 0.386 0.000 0.047 0.000 0.002 0.000 0.000 0.000 0.000 0.000 0.000 0.000 0.000 0.000
34 34 (0) 4 : 0.585 0.413 0.000 0.001 0.000 0.000 0.000 0.000 0.000 0.000 0.000 0.000 0.000 0.000 0.000
35 35 (0) 5 : 0.029 0.000 0.000 0.000 0.000 0.970 0.000 0.000 0.000 0.000 0.000 0.000 0.000 0.000 0.000
36 36 (0) 5 : 0.004 0.001 0.000 0.000 0.000 0.993 0.000 0.000 0.000 0.000 0.000 0.000 0.000 0.000 0.000
37 37 (0) 5 : 0.012 0.000 0.000 0.000 0.000 0.987 0.000 0.000 0.000 0.000 0.000 0.000 0.000 0.000 0.000
38 38 (0) 5 : 0.002 0.000 0.000 0.001 0.000 0.996 0.000 0.000 0.000 0.000 0.000 0.000 0.000 0.000 0.000
39 39 (0) 5 : 0.012 0.000 0.000 0.000 0.000 0.987 0.000 0.000 0.000 0.000 0.000 0.000 0.000 0.000 0.000
40 40 (0) 5 : 0.000 0.000 0.000 0.000 0.000 0.664 0.000 0.224 0.000 0.009 0.000 0.000 0.000 0.056 0.046
41 41 (0) 5 : 0.057 0.000 0.000 0.000 0.000 0.942 0.000 0.000 0.000 0.000 0.000 0.000 0.000 0.000 0.000
42 42 (0) 5 : 0.000 0.000 0.000 0.000 0.000 0.917 0.000 0.064 0.000 0.000 0.000 0.000 0.000 0.000 0.018
43 43 (0) 5 : 0.075 0.000 0.000 0.001 0.000 0.923 0.000 0.000 0.000 0.000 0.000 0.000 0.000 0.000 0.000
44 44 (0) 5 : 0.002 0.000 0.000 0.000 0.000 0.997 0.000 0.000 0.000 0.000 0.000 0.000 0.000 0.000 0.000
45 45 (0) 5 : 0.015 0.001 0.000 0.000 0.000 0.983 0.000 0.000 0.000 0.000 0.000 0.000 0.000 0.000 0.000
46 46 (0) 5 : 0.006 0.000 0.000 0.000 0.000 0.993 0.000 0.000 0.000 0.000 0.000 0.000 0.000 0.000 0.000
47 47 (0) 5 : 0.009 0.000 0.000 0.000 0.000 0.991 0.000 0.000 0.000 0.000 0.000 0.000 0.000 0.000 0.000
48 48 (0) 6 : 0.494 0.001 0.000 0.500 0.001 0.000 0.000 0.000 0.001 0.000 0.002 0.000 0.002 0.000 0.000
49 49 (0) 6 : 0.487 0.036 0.000 0.473 0.000 0.002 0.001 0.000 0.000 0.000 0.000 0.000 0.000 0.000 0.000
50 50 (0) 6 : 0.487 0.017 0.000 0.482 0.000 0.004 0.000 0.000 0.007 0.000 0.003 0.000 0.000 0.000 0.000
51 51 (0) 6 : 0.492 0.001 0.000 0.505 0.000 0.001 0.000 0.000 0.000 0.000 0.000 0.000 0.000 0.000 0.000
52 52 (0) 6 : 0.507 0.000 0.000 0.491 0.000 0.000 0.000 0.000 0.000 0.000 0.000 0.000 0.000 0.000 0.000
53 53 (0) 6 : 0.518 0.025 0.000 0.455 0.000 0.000 0.000 0.000 0.000 0.000 0.000 0.000 0.001 0.000 0.000
54 54 (0) 6 : 0.524 0.003 0.000 0.469 0.000 0.002 0.001 0.000 0.000 0.000 0.001 0.000 0.000 0.000 0.000
55 55 (0) 6 : 0.457 0.039 0.000 0.502 0.000 0.000 0.000 0.000 0.000 0.000 0.001 0.000 0.000 0.000 0.000
56 56 (0) 6 : 0.471 0.001 0.000 0.445 0.000 0.002 0.000 0.000 0.000 0.000 0.080 0.000 0.000 0.000 0.000
57 57 (0) 6 : 0.483 0.000 0.000 0.514 0.000 0.002 0.000 0.000 0.000 0.000 0.000 0.000 0.000 0.000 0.000
58 58 (0) 6 : 0.394 0.000 0.000 0.000 0.570 0.001 0.000 0.000 0.033 0.000 0.000 0.000 0.001 0.000 0.000
59 59 (0) 7 : 0.334 0.000 0.000 0.000 0.664 0.000 0.000 0.000 0.000 0.000 0.000 0.000 0.000 0.000 0.000
60 60 (0) 7 : 0.350 0.000 0.000 0.000 0.649 0.000 0.000 0.000 0.000 0.000 0.000 0.000 0.000 0.000 0.000
61 61 (0) 7 : 0.313 0.000 0.000 0.001 0.684 0.000 0.000 0.000 0.001 0.000 0.000 0.000 0.000 0.000 0.000
62 62 (0) 7 : 0.314 0.000 0.000 0.000 0.682 0.000 0.000 0.000 0.003 0.000 0.000 0.000 0.000 0.000 0.000
63 63 (0) 7 : 0.314 0.000 0.000 0.000 0.683 0.002 0.000 0.000 0.000 0.000 0.000 0.000 0.000 0.000 0.000
64 64 (0) 7 : 0.333 0.000 0.000 0.000 0.665 0.000 0.000 0.000 0.000 0.000 0.000 0.000 0.000 0.000 0.000
65 65 (0) 7 : 0.335 0.000 0.000 0.000 0.663 0.000 0.000 0.000 0.001 0.000 0.000 0.000 0.000 0.000 0.000
66 66 (0) 8 : 0.534 0.000 0.000 0.011 0.000 0.024 0.000 0.000 0.000 0.000 0.429 0.000 0.002 0.000 0.000
67 67 (0) 8 : 0.428 0.000 0.000 0.000 0.000 0.000 0.000 0.000 0.000 0.000 0.571 0.000 0.000 0.000 0.000
68 68 (0) 8 : 0.459 0.000 0.000 0.000 0.000 0.000 0.000 0.000 0.000 0.000 0.539 0.000 0.000 0.000 0.000
69 69 (0) 8 : 0.479 0.000 0.000 0.000 0.000 0.000 0.000 0.000 0.000 0.000 0.520 0.000 0.000 0.000 0.000
70 70 (0) 8 : 0.525 0.000 0.000 0.000 0.000 0.000 0.000 0.000 0.000 0.000 0.474 0.000 0.000 0.000 0.000
71 71 (0) 8 : 0.508 0.003 0.000 0.005 0.000 0.023 0.000 0.000 0.000 0.000 0.461 0.000 0.000 0.000 0.000
72 72 (0) 8 : 0.493 0.000 0.000 0.000 0.000 0.001 0.000 0.000 0.000 0.000 0.506 0.000 0.000 0.000 0.000
73 73 (0) 8 : 0.404 0.000 0.000 0.000 0.000 0.000 0.000 0.037 0.000 0.001 0.465 0.000 0.000 0.087 0.007
74 74 (0) 8 : 0.452 0.000 0.000 0.000 0.000 0.000 0.000 0.009 0.000 0.000 0.508 0.000 0.001 0.000 0.030
75 75 (0) 8 : 0.513 0.000 0.000 0.001 0.000 0.002 0.000 0.000 0.000 0.000 0.482 0.000 0.001 0.000 0.000
76 76 (0) 8 : 0.504 0.000 0.000 0.032 0.000 0.004 0.000 0.000 0.001 0.000 0.458 0.000 0.001 0.000 0.000
77 77 (0) 8 : 0.458 0.000 0.000 0.000 0.000 0.001 0.000 0.000 0.000 0.000 0.541 0.000 0.000 0.000 0.000
78 78 (0) 9 : 0.513 0.000 0.000 0.197 0.000 0.076 0.213 0.000 0.000 0.000 0.001 0.000 0.000 0.000 0.000
79 79 (0) 9 : 0.545 0.002 0.000 0.262 0.000 0.074 0.117 0.000 0.000 0.000 0.000 0.000 0.000 0.000 0.000
80 80 (0) 9 : 0.574 0.000 0.000 0.227 0.000 0.048 0.151 0.000 0.000 0.000 0.000 0.000 0.000 0.000 0.000
81 81 (0) 9 : 0.505 0.001 0.000 0.154 0.000 0.033 0.306 0.000 0.000 0.000 0.000 0.000 0.000 0.000 0.000
82 82 (0) 9 : 0.530 0.056 0.000 0.145 0.000 0.066 0.194 0.000 0.000 0.000 0.009 0.000 0.000 0.000 0.000
83 83 (0) 9 : 0.559 0.000 0.000 0.219 0.000 0.098 0.118 0.000 0.000 0.000 0.006 0.000 0.000 0.000 0.000
84 84 (0) 9 : 0.624 0.002 0.000 0.205 0.000 0.002 0.163 0.000 0.002 0.000 0.000 0.000 0.000 0.000 0.000
85 85 (0) 9 : 0.601 0.002 0.000 0.221 0.002 0.085 0.088 0.000 0.000 0.000 0.000 0.000 0.000 0.000 0.000
86 86 (0) 9 : 0.483 0.003 0.006 0.192 0.000 0.005 0.230 0.002 0.000 0.006 0.000 0.001 0.000 0.072 0.000
87 87 (0) 9 : 0.532 0.000 0.000 0.226 0.000 0.135 0.106 0.000 0.000 0.000 0.000 0.000 0.000 0.000 0.000
88 88 (0) 9 : 0.549 0.002 0.000 0.270 0.000 0.085 0.092 0.000 0.000 0.000 0.000 0.000 0.000 0.000 0.000
89 89 (0) 9 : 0.523 0.001 0.005 0.093 0.000 0.048 0.240 0.000 0.000 0.000 0.000 0.089 0.000 0.000 0.000
90 90 (0) 9 : 0.574 0.000 0.000 0.200 0.000 0.007 0.218 0.000 0.000 0.000 0.000 0.000 0.000 0.000 0.000
91 91 (0) 10 : 0.428 0.000 0.000 0.000 0.017 0.001 0.000 0.000 0.502 0.000 0.000 0.000 0.052 0.000 0.000
92 92 (0) 10 : 0.463 0.000 0.000 0.001 0.001 0.001 0.000 0.000 0.533 0.000 0.000 0.000 0.001 0.000 0.000
93 93 (0) 10 : 0.410 0.000 0.000 0.000 0.000 0.000 0.000 0.000 0.589 0.000 0.000 0.000 0.000 0.000 0.000
94 94 (0) 10 : 0.429 0.000 0.000 0.000 0.000 0.001 0.000 0.000 0.569 0.000 0.000 0.000 0.001 0.000 0.000
95 95 (0) 10 : 0.444 0.000 0.000 0.000 0.000 0.000 0.000 0.000 0.555 0.000 0.000 0.000 0.000 0.000 0.000
96 96 (0) 10 : 0.442 0.000 0.000 0.000 0.005 0.000 0.000 0.000 0.553 0.000 0.000 0.000 0.000 0.000 0.000
97 97 (0) 10 : 0.424 0.000 0.000 0.003 0.027 0.002 0.001 0.000 0.485 0.000 0.000 0.000 0.059 0.000 0.000
98 98 (0) 10 : 0.419 0.000 0.000 0.000 0.000 0.001 0.000 0.000 0.579 0.000 0.000 0.000 0.000 0.000 0.000
99 99 (0) 10 : 0.286 0.000 0.000 0.000 0.000 0.000 0.000 0.063 0.508 0.064 0.000 0.000 0.001 0.063 0.014
100 100 (0) 10 : 0.438 0.000 0.000 0.000 0.000 0.000 0.000 0.000 0.560 0.000 0.000 0.000 0.000 0.000 0.000
101 101 (0) 10 : 0.305 0.000 0.000 0.000 0.001 0.000 0.000 0.141 0.506 0.000 0.000 0.000 0.000 0.020 0.024
102 102 (0) 10 : 0.455 0.000 0.000 0.000 0.000 0.000 0.000 0.000 0.543 0.000 0.001 0.000 0.000 0.000 0.000
103 103 (0) 10 : 0.449 0.000 0.000 0.000 0.000 0.000 0.000 0.000 0.548 0.000 0.000 0.000 0.002 0.000 0.000
