1:	0.4059 0.0013 0.0004 0.0138 0.0000 0.0002 0.0841 0.2111 0.0000 0.0186 0.0974 0.0076 0.0207 0.1331 0.0058 	12
2:	0.0000 1.0000 0.0000 0.0000 0.0000 0.0000 0.0000 0.0000 0.0000 0.0000 0.0000 0.0000 0.0000 0.0000 0.0000 	3
3:	0.3406 0.0001 0.0060 0.0002 0.0000 0.0005 0.0067 0.0019 0.5186 0.0762 0.0000 0.0000 0.0492 0.0000 0.0000 	12
4:	0.5612 0.0000 0.0000 0.0006 0.0000 0.0000 0.0000 0.0025 0.0000 0.0000 0.0000 0.0003 0.0000 0.0394 0.3961 	7
5:	0.0224 0.0000 0.0000 0.9463 0.0000 0.0000 0.0018 0.0016 0.0000 0.0127 0.0000 0.0000 0.0149 0.0001 0.0002 	13
6:	0.4950 0.0000 0.0038 0.0015 0.0520 0.0078 0.0000 0.0000 0.0003 0.0000 0.0000 0.0001 0.0000 0.4268 0.0126 	11
7:	0.3252 0.0000 0.0010 0.0003 0.6734 0.0000 0.0000 0.0000 0.0000 0.0000 0.0000 0.0000 0.0000 0.0000 0.0000 	7
8:	0.4815 0.0000 0.0001 0.0052 0.0000 0.4944 0.0012 0.0069 0.0004 0.0004 0.0000 0.0000 0.0061 0.0036 0.0003 	12
9:	0.5547 0.0009 0.0005 0.0616 0.0002 0.0012 0.0002 0.0035 0.0000 0.0002 0.0279 0.1447 0.0001 0.1991 0.0052 	13
10:	0.4115 0.0000 0.5404 0.0006 0.0040 0.0001 0.0019 0.0035 0.0090 0.0052 0.0000 0.0001 0.0233 0.0003 0.0000 	13
