1:	0.4851 0.0112 0.0016 0.0146 0.0600 0.0030 0.1482 0.2765 0.0000 	12
2:	0.0000 1.0000 0.0000 0.0000 0.0000 0.0000 0.0000 0.0000 0.0000 	3
3:	0.0190 0.0023 0.0291 0.0037 0.0000 0.0078 0.1184 0.0001 0.8198 	12
4:	0.9866 0.0000 0.0001 0.0007 0.0001 0.0003 0.0073 0.0049 0.0000 	7
5:	0.0033 0.0000 0.0000 0.9637 0.0000 0.0001 0.0301 0.0028 0.0000 	13
6:	0.8940 0.0000 0.0270 0.0032 0.0587 0.0158 0.0000 0.0000 0.0012 	11
7:	0.0029 0.0000 0.2019 0.0017 0.7925 0.0006 0.0000 0.0000 0.0004 	7
8:	0.0397 0.0000 0.0004 0.0055 0.0000 0.9382 0.0134 0.0015 0.0012 	12
9:	0.8249 0.0036 0.0153 0.0878 0.0004 0.0072 0.0132 0.0473 0.0002 	13
10:	0.0246 0.0000 0.9150 0.0017 0.0047 0.0049 0.0312 0.0009 0.0168 	13
