1 1 (0) 1 : 0.662 0.000 0.335 0.001 0.001 0.000 0.000 0.000 0.000
2 2 (0) 1 : 0.345 0.179 0.473 0.002 0.000 0.000 0.000 0.000 0.000
3 3 (0) 1 : 0.807 0.000 0.112 0.080 0.000 0.000 0.000 0.000 0.001
4 4 (0) 1 : 0.602 0.000 0.396 0.002 0.000 0.000 0.000 0.000 0.000
5 5 (0) 1 : 0.000 0.323 0.676 0.000 0.000 0.000 0.000 0.000 0.000
6 6 (0) 1 : 0.258 0.000 0.663 0.000 0.000 0.000 0.079 0.000 0.000
7 7 (0) 1 : 0.549 0.000 0.409 0.001 0.000 0.000 0.040 0.000 0.000
8 8 (0) 1 : 0.693 0.112 0.185 0.007 0.003 0.000 0.000 0.000 0.000
9 9 (0) 1 : 0.471 0.000 0.525 0.003 0.000 0.000 0.000 0.000 0.000
10 10 (0) 1 : 0.033 0.735 0.231 0.000 0.000 0.000 0.000 0.000 0.000
11 11 (0) 1 : 0.867 0.000 0.005 0.080 0.025 0.000 0.000 0.000 0.023
12 12 (0) 1 : 0.389 0.580 0.027 0.003 0.000 0.000 0.000 0.000 0.000
13 13 (0) 2 : 0.000 0.000 0.000 0.000 0.000 0.000 1.000 0.000 0.000
14 14 (0) 2 : 0.000 0.000 0.000 0.000 0.000 0.000 1.000 0.000 0.000
15 15 (0) 2 : 0.000 0.000 0.000 0.000 0.000 0.000 1.000 0.000 0.000
16 16 (0) 3 : 0.001 0.000 0.000 0.000 0.062 0.854 0.000 0.000 0.082
17 17 (0) 3 : 0.000 0.000 0.000 0.000 0.000 0.999 0.000 0.000 0.000
18 18 (0) 3 : 0.001 0.000 0.000 0.001 0.001 0.916 0.000 0.000 0.081
19 19 (0) 3 : 0.000 0.406 0.000 0.000 0.000 0.582 0.012 0.000 0.000
20 20 (0) 3 : 0.000 0.601 0.000 0.000 0.000 0.372 0.027 0.000 0.000
21 21 (0) 3 : 0.047 0.000 0.000 0.030 0.003 0.887 0.000 0.000 0.033
22 22 (0) 3 : 0.000 0.312 0.000 0.000 0.000 0.687 0.000 0.000 0.000
23 23 (0) 3 : 0.108 0.000 0.000 0.001 0.011 0.771 0.000 0.000 0.108
24 24 (0) 3 : 0.006 0.000 0.000 0.022 0.015 0.859 0.000 0.000 0.098
25 25 (0) 3 : 0.001 0.101 0.000 0.000 0.001 0.889 0.000 0.000 0.008
26 26 (0) 3 : 0.002 0.000 0.000 0.002 0.001 0.996 0.000 0.000 0.000
27 27 (0) 3 : 0.000 0.000 0.000 0.000 0.000 0.998 0.000 0.000 0.000
28 28 (0) 4 : 0.998 0.000 0.000 0.002 0.000 0.000 0.000 0.000 0.000
29 29 (0) 4 : 0.998 0.000 0.000 0.001 0.000 0.000 0.000 0.000 0.000
30 30 (0) 4 : 0.999 0.000 0.000 0.001 0.000 0.000 0.000 0.000 0.000
31 31 (0) 4 : 0.954 0.042 0.000 0.001 0.002 0.000 0.000 0.000 0.001
32 32 (0) 4 : 0.962 0.019 0.016 0.002 0.000 0.000 0.000 0.000 0.000
33 33 (0) 4 : 0.999 0.000 0.000 0.001 0.000 0.000 0.000 0.000 0.000
34 34 (0) 4 : 0.999 0.000 0.000 0.000 0.000 0.000 0.000 0.000 0.000
35 35 (0) 5 : 0.002 0.000 0.000 0.998 0.000 0.000 0.000 0.000 0.000
36 36 (0) 5 : 0.001 0.000 0.000 0.998 0.000 0.000 0.000 0.000 0.000
37 37 (0) 5 : 0.001 0.000 0.000 0.999 0.000 0.000 0.000 0.000 0.000
38 38 (0) 5 : 0.001 0.000 0.000 0.998 0.001 0.000 0.000 0.000 0.000
39 39 (0) 5 : 0.000 0.000 0.000 0.999 0.000 0.000 0.000 0.000 0.000
40 40 (0) 5 : 0.000 0.333 0.000 0.667 0.000 0.000 0.000 0.000 0.000
41 41 (0) 5 : 0.000 0.000 0.000 0.999 0.000 0.000 0.000 0.000 0.000
42 42 (0) 5 : 0.000 0.086 0.000 0.913 0.000 0.000 0.000 0.000 0.000
43 43 (0) 5 : 0.026 0.000 0.000 0.973 0.000 0.000 0.000 0.000 0.000
44 44 (0) 5 : 0.000 0.000 0.000 0.999 0.000 0.000 0.000 0.000 0.000
45 45 (0) 5 : 0.003 0.000 0.000 0.996 0.000 0.000 0.000 0.000 0.000
46 46 (0) 5 : 0.000 0.000 0.000 0.999 0.000 0.000 0.000 0.000 0.000
47 47 (0) 5 : 0.001 0.000 0.000 0.999 0.000 0.000 0.000 0.000 0.000
48 48 (0) 6 : 0.987 0.000 0.000 0.000 0.005 0.003 0.000 0.002 0.003
49 49 (0) 6 : 0.994 0.000 0.000 0.005 0.000 0.000 0.000 0.000 0.000
50 50 (0) 6 : 0.959 0.000 0.000 0.008 0.015 0.000 0.000 0.000 0.018
51 51 (0) 6 : 0.992 0.000 0.000 0.002 0.001 0.000 0.000 0.005 0.000
52 52 (0) 6 : 0.995 0.000 0.000 0.001 0.002 0.000 0.000 0.000 0.003
53 53 (0) 6 : 0.990 0.000 0.000 0.000 0.002 0.007 0.000 0.000 0.000
54 54 (0) 6 : 0.994 0.000 0.000 0.003 0.003 0.000 0.000 0.000 0.000
55 55 (0) 6 : 0.989 0.000 0.000 0.001 0.009 0.000 0.000 0.000 0.000
56 56 (0) 6 : 0.862 0.000 0.000 0.002 0.136 0.000 0.000 0.000 0.000
57 57 (0) 6 : 0.996 0.000 0.000 0.003 0.000 0.000 0.000 0.000 0.000
58 58 (0) 6 : 0.072 0.000 0.000 0.011 0.004 0.001 0.000 0.800 0.111
59 59 (0) 7 : 0.001 0.000 0.000 0.001 0.000 0.001 0.000 0.996 0.001
60 60 (0) 7 : 0.001 0.000 0.000 0.000 0.000 0.001 0.000 0.997 0.001
61 61 (0) 7 : 0.003 0.000 0.000 0.001 0.001 0.000 0.000 0.991 0.005
62 62 (0) 7 : 0.000 0.000 0.000 0.000 0.000 0.000 0.000 0.990 0.009
63 63 (0) 7 : 0.001 0.000 0.000 0.010 0.001 0.000 0.000 0.985 0.003
64 64 (0) 7 : 0.001 0.000 0.000 0.001 0.001 0.001 0.000 0.997 0.000
65 65 (0) 7 : 0.007 0.000 0.000 0.000 0.002 0.000 0.000 0.984 0.006
66 66 (0) 8 : 0.091 0.000 0.000 0.045 0.858 0.005 0.000 0.000 0.000
67 67 (0) 8 : 0.001 0.000 0.000 0.001 0.998 0.000 0.000 0.000 0.000
68 68 (0) 8 : 0.001 0.000 0.000 0.000 0.997 0.000 0.000 0.000 0.001
69 69 (0) 8 : 0.001 0.000 0.000 0.000 0.999 0.000 0.000 0.000 0.000
70 70 (0) 8 : 0.025 0.000 0.000 0.000 0.974 0.000 0.000 0.000 0.000
71 71 (0) 8 : 0.099 0.000 0.000 0.011 0.889 0.000 0.000 0.000 0.000
72 72 (0) 8 : 0.002 0.000 0.000 0.001 0.995 0.001 0.000 0.000 0.001
73 73 (0) 8 : 0.002 0.125 0.000 0.000 0.872 0.000 0.000 0.000 0.000
74 74 (0) 8 : 0.001 0.049 0.000 0.000 0.946 0.002 0.000 0.000 0.000
75 75 (0) 8 : 0.054 0.000 0.000 0.005 0.937 0.003 0.000 0.000 0.001
76 76 (0) 8 : 0.120 0.000 0.000 0.003 0.874 0.002 0.000 0.000 0.001
77 77 (0) 8 : 0.010 0.000 0.000 0.003 0.985 0.000 0.000 0.000 0.001
78 78 (0) 9 : 0.741 0.017 0.000 0.113 0.001 0.000 0.000 0.000 0.128
79 79 (0) 9 : 0.902 0.000 0.000 0.092 0.002 0.001 0.000 0.000 0.003
80 80 (0) 9 : 0.917 0.000 0.000 0.083 0.000 0.000 0.000 0.000 0.000
81 81 (0) 9 : 0.806 0.081 0.007 0.103 0.002 0.000 0.000 0.000 0.001
82 82 (0) 9 : 0.824 0.000 0.054 0.084 0.033 0.001 0.002 0.000 0.000
83 83 (0) 9 : 0.834 0.000 0.000 0.114 0.048 0.000 0.000 0.000 0.004
84 84 (0) 9 : 0.874 0.000 0.000 0.016 0.001 0.000 0.000 0.000 0.109
85 85 (0) 9 : 0.883 0.000 0.000 0.110 0.000 0.000 0.000 0.006 0.001
86 86 (0) 9 : 0.761 0.074 0.110 0.041 0.002 0.000 0.010 0.000 0.002
87 87 (0) 9 : 0.832 0.000 0.000 0.165 0.001 0.001 0.000 0.000 0.001
88 88 (0) 9 : 0.893 0.000 0.000 0.104 0.002 0.000 0.000 0.000 0.000
89 89 (0) 9 : 0.703 0.000 0.159 0.096 0.000 0.000 0.042 0.000 0.000
90 90 (0) 9 : 0.859 0.034 0.034 0.072 0.000 0.000 0.000 0.000 0.000
91 91 (0) 10 : 0.002 0.000 0.000 0.001 0.001 0.102 0.000 0.024 0.870
92 92 (0) 10 : 0.005 0.000 0.000 0.001 0.056 0.005 0.000 0.001 0.931
93 93 (0) 10 : 0.000 0.000 0.000 0.002 0.000 0.000 0.000 0.000 0.997
94 94 (0) 10 : 0.000 0.000 0.000 0.001 0.000 0.001 0.000 0.000 0.997
95 95 (0) 10 : 0.001 0.000 0.000 0.000 0.000 0.000 0.000 0.001 0.998
96 96 (0) 10 : 0.001 0.000 0.000 0.002 0.002 0.000 0.000 0.011 0.984
97 97 (0) 10 : 0.066 0.000 0.000 0.003 0.000 0.082 0.000 0.037 0.812
98 98 (0) 10 : 0.001 0.000 0.000 0.003 0.000 0.000 0.000 0.000 0.995
99 99 (0) 10 : 0.000 0.208 0.000 0.000 0.000 0.001 0.000 0.000 0.790
100 100 (0) 10 : 0.006 0.000 0.000 0.002 0.001 0.000 0.000 0.001 0.990
101 101 (0) 10 : 0.000 0.206 0.000 0.000 0.000 0.000 0.000 0.001 0.792
102 102 (0) 10 : 0.002 0.000 0.000 0.001 0.006 0.001 0.000 0.001 0.989
103 103 (0) 10 : 0.001 0.000 0.000 0.000 0.000 0.007 0.000 0.000 0.991
1 1 (0) 1 : 0.298 0.000 0.001 0.700 0.000 0.000 0.000 0.001 0.000
2 2 (0) 1 : 0.670 0.000 0.001 0.329 0.000 0.000 0.000 0.000 0.000
3 3 (0) 1 : 0.090 0.000 0.080 0.828 0.000 0.000 0.001 0.000 0.000
4 4 (0) 1 : 0.349 0.000 0.005 0.645 0.000 0.000 0.000 0.000 0.000
5 5 (0) 1 : 0.860 0.000 0.000 0.000 0.000 0.000 0.000 0.000 0.139
6 6 (0) 1 : 0.528 0.000 0.000 0.361 0.110 0.000 0.000 0.000 0.000
7 7 (0) 1 : 0.324 0.000 0.001 0.609 0.065 0.000 0.000 0.000 0.000
8 8 (0) 1 : 0.329 0.000 0.005 0.663 0.000 0.000 0.000 0.002 0.000
9 9 (0) 1 : 0.462 0.000 0.001 0.536 0.000 0.000 0.000 0.000 0.000
10 10 (0) 1 : 0.313 0.000 0.000 0.022 0.000 0.000 0.000 0.000 0.664
11 11 (0) 1 : 0.001 0.000 0.076 0.857 0.000 0.000 0.016 0.049 0.000
12 12 (0) 1 : 0.221 0.000 0.002 0.323 0.000 0.000 0.000 0.000 0.453
13 13 (0) 2 : 0.000 0.000 0.000 0.000 1.000 0.000 0.000 0.000 0.000
14 14 (0) 2 : 0.000 0.000 0.000 0.000 1.000 0.000 0.000 0.000 0.000
15 15 (0) 2 : 0.000 0.000 0.000 0.000 1.000 0.000 0.000 0.000 0.000
16 16 (0) 3 : 0.000 0.000 0.000 0.001 0.000 0.860 0.084 0.054 0.000
17 17 (0) 3 : 0.000 0.000 0.000 0.000 0.000 0.998 0.000 0.000 0.000
18 18 (0) 3 : 0.000 0.000 0.001 0.001 0.000 0.918 0.078 0.001 0.000
19 19 (0) 3 : 0.003 0.000 0.000 0.000 0.000 0.578 0.000 0.000 0.418
20 20 (0) 3 : 0.000 0.000 0.000 0.000 0.000 0.362 0.000 0.000 0.637
21 21 (0) 3 : 0.000 0.000 0.029 0.049 0.000 0.890 0.028 0.003 0.000
22 22 (0) 3 : 0.000 0.000 0.000 0.000 0.000 0.687 0.000 0.000 0.312
23 23 (0) 3 : 0.000 0.000 0.001 0.096 0.000 0.777 0.106 0.020 0.000
24 24 (0) 3 : 0.000 0.000 0.013 0.006 0.000 0.864 0.096 0.020 0.000
25 25 (0) 3 : 0.000 0.000 0.000 0.001 0.000 0.893 0.004 0.003 0.098
26 26 (0) 3 : 0.000 0.000 0.002 0.001 0.000 0.997 0.000 0.001 0.000
27 27 (0) 3 : 0.000 0.000 0.000 0.001 0.000 0.998 0.000 0.000 0.000
28 28 (0) 4 : 0.000 0.000 0.001 0.998 0.000 0.000 0.000 0.000 0.000
29 29 (0) 4 : 0.000 0.000 0.001 0.998 0.000 0.000 0.000 0.000 0.000
30 30 (0) 4 : 0.000 0.000 0.001 0.999 0.000 0.000 0.000 0.000 0.000
31 31 (0) 4 : 0.059 0.000 0.001 0.937 0.000 0.000 0.001 0.002 0.000
32 32 (0) 4 : 0.045 0.000 0.001 0.953 0.000 0.000 0.000 0.000 0.000
33 33 (0) 4 : 0.000 0.000 0.000 0.999 0.000 0.000 0.000 0.000 0.000
34 34 (0) 4 : 0.000 0.000 0.000 0.999 0.000 0.000 0.000 0.000 0.000
35 35 (0) 5 : 0.000 0.000 0.998 0.002 0.000 0.000 0.000 0.000 0.000
36 36 (0) 5 : 0.000 0.000 0.997 0.002 0.000 0.000 0.000 0.000 0.000
37 37 (0) 5 : 0.000 0.000 0.998 0.001 0.000 0.000 0.000 0.000 0.000
38 38 (0) 5 : 0.000 0.000 0.998 0.001 0.000 0.000 0.000 0.001 0.000
39 39 (0) 5 : 0.000 0.000 0.999 0.000 0.000 0.000 0.000 0.000 0.000
40 40 (0) 5 : 0.156 0.000 0.622 0.000 0.000 0.000 0.000 0.000 0.222
41 41 (0) 5 : 0.000 0.000 0.999 0.001 0.000 0.000 0.000 0.000 0.000
42 42 (0) 5 : 0.000 0.000 0.912 0.000 0.000 0.000 0.000 0.000 0.087
43 43 (0) 5 : 0.000 0.000 0.969 0.030 0.000 0.000 0.000 0.001 0.000
44 44 (0) 5 : 0.000 0.000 0.999 0.000 0.000 0.000 0.000 0.000 0.000
45 45 (0) 5 : 0.000 0.000 0.995 0.005 0.000 0.000 0.000 0.000 0.000
46 46 (0) 5 : 0.000 0.000 0.999 0.000 0.000 0.000 0.000 0.000 0.000
47 47 (0) 5 : 0.000 0.000 0.999 0.001 0.000 0.000 0.000 0.000 0.000
48 48 (0) 6 : 0.000 0.002 0.000 0.984 0.000 0.004 0.002 0.007 0.000
49 49 (0) 6 : 0.000 0.000 0.003 0.996 0.000 0.000 0.000 0.000 0.000
50 50 (0) 6 : 0.000 0.000 0.007 0.960 0.000 0.001 0.016 0.016 0.000
51 51 (0) 6 : 0.000 0.006 0.001 0.992 0.000 0.000 0.000 0.000 0.000
52 52 (0) 6 : 0.000 0.000 0.000 0.996 0.000 0.000 0.002 0.002 0.000
53 53 (0) 6 : 0.000 0.000 0.001 0.993 0.000 0.003 0.000 0.002 0.000
54 54 (0) 6 : 0.000 0.000 0.002 0.995 0.000 0.000 0.000 0.003 0.000
55 55 (0) 6 : 0.000 0.000 0.001 0.988 0.000 0.000 0.000 0.010 0.000
56 56 (0) 6 : 0.000 0.000 0.002 0.867 0.000 0.000 0.000 0.131 0.000
57 57 (0) 6 : 0.000 0.000 0.002 0.997 0.000 0.000 0.000 0.000 0.000
58 58 (0) 6 : 0.000 0.799 0.015 0.065 0.000 0.003 0.110 0.007 0.000
59 59 (0) 7 : 0.000 0.995 0.000 0.001 0.000 0.001 0.002 0.000 0.000
60 60 (0) 7 : 0.000 0.995 0.000 0.001 0.000 0.002 0.002 0.000 0.000
61 61 (0) 7 : 0.000 0.988 0.001 0.003 0.000 0.000 0.007 0.001 0.000
62 62 (0) 7 : 0.000 0.984 0.000 0.000 0.000 0.000 0.015 0.000 0.000
63 63 (0) 7 : 0.000 0.982 0.013 0.001 0.000 0.000 0.002 0.001 0.000
64 64 (0) 7 : 0.000 0.996 0.001 0.001 0.000 0.001 0.000 0.001 0.000
65 65 (0) 7 : 0.000 0.978 0.000 0.012 0.000 0.001 0.008 0.001 0.000
66 66 (0) 8 : 0.000 0.000 0.044 0.096 0.000 0.006 0.000 0.853 0.000
67 67 (0) 8 : 0.000 0.000 0.001 0.001 0.000 0.000 0.000 0.998 0.000
68 68 (0) 8 : 0.000 0.000 0.000 0.001 0.000 0.000 0.001 0.997 0.000
69 69 (0) 8 : 0.000 0.000 0.000 0.001 0.000 0.000 0.000 0.998 0.000
70 70 (0) 8 : 0.000 0.000 0.000 0.027 0.000 0.000 0.000 0.972 0.000
71 71 (0) 8 : 0.000 0.000 0.014 0.100 0.000 0.000 0.000 0.886 0.000
72 72 (0) 8 : 0.000 0.000 0.001 0.001 0.000 0.001 0.002 0.995 0.000
73 73 (0) 8 : 0.092 0.000 0.000 0.000 0.000 0.000 0.000 0.838 0.069
74 74 (0) 8 : 0.000 0.000 0.000 0.001 0.000 0.002 0.000 0.949 0.047
75 75 (0) 8 : 0.000 0.000 0.004 0.058 0.000 0.004 0.001 0.933 0.000
76 76 (0) 8 : 0.000 0.000 0.003 0.123 0.000 0.001 0.002 0.871 0.000
77 77 (0) 8 : 0.000 0.000 0.003 0.017 0.000 0.000 0.001 0.978 0.000
78 78 (0) 9 : 0.000 0.000 0.111 0.746 0.000 0.000 0.122 0.001 0.019
79 79 (0) 9 : 0.000 0.000 0.088 0.906 0.000 0.001 0.003 0.002 0.000
80 80 (0) 9 : 0.000 0.000 0.077 0.922 0.000 0.000 0.000 0.000 0.000
81 81 (0) 9 : 0.004 0.000 0.099 0.813 0.000 0.000 0.001 0.002 0.081
82 82 (0) 9 : 0.000 0.000 0.071 0.848 0.016 0.000 0.000 0.056 0.010
83 83 (0) 9 : 0.000 0.000 0.109 0.837 0.000 0.000 0.003 0.051 0.000
84 84 (0) 9 : 0.000 0.000 0.007 0.885 0.000 0.000 0.107 0.000 0.000
85 85 (0) 9 : 0.000 0.005 0.107 0.887 0.000 0.000 0.000 0.001 0.000
86 86 (0) 9 : 0.128 0.000 0.043 0.765 0.011 0.000 0.001 0.001 0.050
87 87 (0) 9 : 0.000 0.000 0.160 0.838 0.000 0.001 0.001 0.001 0.000
88 88 (0) 9 : 0.000 0.000 0.101 0.894 0.000 0.001 0.000 0.004 0.000
89 89 (0) 9 : 0.071 0.000 0.085 0.757 0.046 0.000 0.000 0.000 0.040
90 90 (0) 9 : 0.000 0.000 0.068 0.886 0.000 0.000 0.000 0.000 0.045
91 91 (0) 10 : 0.000 0.027 0.001 0.003 0.000 0.100 0.867 0.002 0.000
92 92 (0) 10 : 0.000 0.001 0.001 0.006 0.000 0.004 0.930 0.057 0.000
93 93 (0) 10 : 0.000 0.000 0.002 0.000 0.000 0.001 0.997 0.000 0.000
94 94 (0) 10 : 0.000 0.000 0.001 0.000 0.000 0.002 0.996 0.000 0.000
95 95 (0) 10 : 0.000 0.000 0.000 0.001 0.000 0.000 0.998 0.000 0.000
96 96 (0) 10 : 0.000 0.012 0.003 0.003 0.000 0.000 0.981 0.002 0.000
97 97 (0) 10 : 0.000 0.034 0.003 0.063 0.000 0.086 0.814 0.000 0.000
98 98 (0) 10 : 0.000 0.000 0.004 0.001 0.000 0.000 0.994 0.001 0.000
99 99 (0) 10 : 0.061 0.000 0.000 0.000 0.000 0.001 0.768 0.000 0.170
100 100 (0) 10 : 0.000 0.001 0.002 0.006 0.000 0.000 0.991 0.001 0.000
101 101 (0) 10 : 0.000 0.001 0.000 0.000 0.000 0.000 0.796 0.000 0.203
102 102 (0) 10 : 0.000 0.001 0.001 0.001 0.000 0.001 0.987 0.009 0.000
103 103 (0) 10 : 0.000 0.000 0.000 0.000 0.000 0.005 0.994 0.001 0.000
1 1 (0) 1 : 0.689 0.001 0.000 0.000 0.000 0.000 0.000 0.308 0.001
2 2 (0) 1 : 0.397 0.001 0.000 0.000 0.000 0.000 0.160 0.442 0.000
3 3 (0) 1 : 0.823 0.069 0.000 0.000 0.000 0.000 0.000 0.107 0.000
4 4 (0) 1 : 0.636 0.001 0.000 0.000 0.000 0.000 0.000 0.361 0.001
5 5 (0) 1 : 0.052 0.000 0.000 0.000 0.000 0.000 0.308 0.639 0.000
6 6 (0) 1 : 0.334 0.000 0.000 0.086 0.000 0.001 0.000 0.578 0.000
7 7 (0) 1 : 0.597 0.001 0.000 0.048 0.000 0.000 0.000 0.352 0.000
8 8 (0) 1 : 0.712 0.005 0.000 0.000 0.000 0.000 0.105 0.175 0.003
9 9 (0) 1 : 0.534 0.002 0.000 0.000 0.000 0.000 0.000 0.464 0.000
10 10 (0) 1 : 0.103 0.000 0.000 0.000 0.000 0.000 0.741 0.155 0.000
11 11 (0) 1 : 0.872 0.079 0.000 0.000 0.006 0.000 0.000 0.014 0.029
12 12 (0) 1 : 0.420 0.002 0.000 0.000 0.000 0.000 0.578 0.000 0.000
13 13 (0) 2 : 0.000 0.000 0.000 1.000 0.000 0.000 0.000 0.000 0.000
14 14 (0) 2 : 0.000 0.000 0.000 1.000 0.000 0.000 0.000 0.000 0.000
15 15 (0) 2 : 0.000 0.000 0.000 1.000 0.000 0.000 0.000 0.000 0.000
16 16 (0) 3 : 0.035 0.001 0.880 0.000 0.022 0.000 0.000 0.000 0.063
17 17 (0) 3 : 0.001 0.000 0.998 0.000 0.000 0.000 0.000 0.000 0.000
18 18 (0) 3 : 0.063 0.000 0.914 0.000 0.021 0.000 0.000 0.000 0.000
19 19 (0) 3 : 0.000 0.000 0.597 0.003 0.000 0.000 0.400 0.000 0.000
20 20 (0) 3 : 0.000 0.000 0.390 0.003 0.000 0.000 0.607 0.000 0.000
21 21 (0) 3 : 0.121 0.004 0.872 0.000 0.002 0.000 0.000 0.000 0.001
22 22 (0) 3 : 0.000 0.000 0.697 0.000 0.000 0.000 0.302 0.000 0.000
23 23 (0) 3 : 0.178 0.000 0.769 0.000 0.046 0.000 0.000 0.000 0.007
24 24 (0) 3 : 0.094 0.006 0.870 0.000 0.021 0.000 0.000 0.000 0.008
25 25 (0) 3 : 0.003 0.001 0.895 0.000 0.001 0.000 0.097 0.000 0.003
26 26 (0) 3 : 0.002 0.002 0.994 0.000 0.000 0.000 0.000 0.000 0.001
27 27 (0) 3 : 0.006 0.001 0.993 0.000 0.000 0.000 0.000 0.000 0.000
28 28 (0) 4 : 0.998 0.001 0.000 0.000 0.000 0.000 0.000 0.000 0.000
29 29 (0) 4 : 0.999 0.000 0.000 0.000 0.000 0.000 0.000 0.000 0.000
30 30 (0) 4 : 0.999 0.000 0.000 0.000 0.000 0.000 0.000 0.000 0.000
31 31 (0) 4 : 0.955 0.000 0.000 0.000 0.000 0.000 0.043 0.000 0.001
32 32 (0) 4 : 0.938 0.001 0.000 0.000 0.000 0.042 0.014 0.005 0.000
33 33 (0) 4 : 0.999 0.000 0.000 0.000 0.000 0.000 0.000 0.000 0.000
34 34 (0) 4 : 0.999 0.000 0.000 0.000 0.000 0.000 0.000 0.000 0.000
35 35 (0) 5 : 0.004 0.996 0.000 0.000 0.000 0.000 0.000 0.000 0.000
36 36 (0) 5 : 0.004 0.996 0.000 0.000 0.000 0.000 0.000 0.000 0.000
37 37 (0) 5 : 0.003 0.997 0.000 0.000 0.000 0.000 0.000 0.000 0.000
38 38 (0) 5 : 0.001 0.998 0.000 0.000 0.000 0.000 0.000 0.000 0.001
39 39 (0) 5 : 0.000 0.999 0.000 0.000 0.000 0.000 0.000 0.000 0.000
40 40 (0) 5 : 0.000 0.676 0.000 0.000 0.000 0.000 0.324 0.000 0.000
41 41 (0) 5 : 0.001 0.998 0.000 0.000 0.000 0.000 0.000 0.000 0.000
42 42 (0) 5 : 0.000 0.902 0.000 0.000 0.000 0.026 0.072 0.000 0.000
43 43 (0) 5 : 0.037 0.962 0.000 0.000 0.000 0.000 0.000 0.000 0.000
44 44 (0) 5 : 0.000 0.999 0.000 0.000 0.000 0.000 0.000 0.000 0.000
45 45 (0) 5 : 0.008 0.991 0.000 0.000 0.000 0.000 0.000 0.000 0.000
46 46 (0) 5 : 0.001 0.999 0.000 0.000 0.000 0.000 0.000 0.000 0.000
47 47 (0) 5 : 0.001 0.998 0.000 0.000 0.000 0.000 0.000 0.000 0.000
48 48 (0) 6 : 0.983 0.000 0.006 0.000 0.007 0.000 0.000 0.000 0.003
49 49 (0) 6 : 0.996 0.003 0.000 0.000 0.000 0.000 0.000 0.000 0.000
50 50 (0) 6 : 0.968 0.012 0.001 0.000 0.006 0.000 0.000 0.000 0.013
51 51 (0) 6 : 0.994 0.001 0.000 0.000 0.004 0.000 0.000 0.000 0.000
52 52 (0) 6 : 0.995 0.000 0.000 0.000 0.002 0.000 0.000 0.000 0.003
53 53 (0) 6 : 0.989 0.001 0.009 0.000 0.001 0.000 0.000 0.000 0.001
54 54 (0) 6 : 0.990 0.002 0.000 0.000 0.000 0.000 0.000 0.000 0.008
55 55 (0) 6 : 0.988 0.001 0.000 0.000 0.000 0.000 0.000 0.000 0.010
56 56 (0) 6 : 0.867 0.001 0.000 0.000 0.000 0.000 0.000 0.000 0.131
57 57 (0) 6 : 0.995 0.003 0.000 0.000 0.000 0.000 0.000 0.000 0.000
58 58 (0) 6 : 0.059 0.001 0.001 0.000 0.939 0.000 0.000 0.000 0.000
59 59 (0) 7 : 0.003 0.000 0.001 0.000 0.995 0.000 0.000 0.000 0.000
60 60 (0) 7 : 0.001 0.000 0.000 0.000 0.998 0.000 0.000 0.000 0.000
61 61 (0) 7 : 0.002 0.001 0.000 0.000 0.996 0.000 0.000 0.000 0.000
62 62 (0) 7 : 0.000 0.000 0.000 0.000 0.999 0.000 0.000 0.000 0.000
63 63 (0) 7 : 0.001 0.003 0.000 0.000 0.995 0.000 0.000 0.000 0.001
64 64 (0) 7 : 0.001 0.000 0.000 0.000 0.998 0.000 0.000 0.000 0.001
65 65 (0) 7 : 0.036 0.000 0.000 0.000 0.962 0.000 0.000 0.000 0.001
66 66 (0) 8 : 0.149 0.034 0.006 0.000 0.000 0.000 0.000 0.000 0.811
67 67 (0) 8 : 0.006 0.001 0.000 0.000 0.000 0.000 0.000 0.000 0.993
68 68 (0) 8 : 0.008 0.000 0.001 0.000 0.001 0.000 0.000 0.000 0.990
69 69 (0) 8 : 0.011 0.000 0.000 0.000 0.000 0.000 0.000 0.000 0.989
70 70 (0) 8 : 0.088 0.000 0.000 0.000 0.000 0.000 0.000 0.000 0.912
71 71 (0) 8 : 0.138 0.008 0.000 0.000 0.000 0.000 0.000 0.000 0.853
72 72 (0) 8 : 0.011 0.001 0.001 0.000 0.001 0.000 0.000 0.000 0.986
73 73 (0) 8 : 0.018 0.000 0.000 0.000 0.000 0.000 0.120 0.000 0.862
74 74 (0) 8 : 0.015 0.000 0.002 0.000 0.000 0.000 0.045 0.000 0.936
75 75 (0) 8 : 0.103 0.001 0.002 0.000 0.000 0.000 0.000 0.000 0.894
76 76 (0) 8 : 0.160 0.001 0.002 0.000 0.001 0.000 0.000 0.000 0.836
77 77 (0) 8 : 0.058 0.001 0.000 0.000 0.001 0.000 0.000 0.000 0.940
78 78 (0) 9 : 0.739 0.106 0.000 0.000 0.000 0.153 0.000 0.000 0.001
79 79 (0) 9 : 0.834 0.093 0.000 0.000 0.000 0.072 0.000 0.000 0.001
80 80 (0) 9 : 0.815 0.086 0.000 0.000 0.000 0.098 0.000 0.000 0.000
81 81 (0) 9 : 0.672 0.080 0.000 0.000 0.000 0.247 0.000 0.000 0.001
82 82 (0) 9 : 0.751 0.078 0.000 0.000 0.000 0.143 0.000 0.000 0.028
83 83 (0) 9 : 0.776 0.116 0.000 0.000 0.001 0.066 0.000 0.000 0.041
84 84 (0) 9 : 0.878 0.009 0.000 0.000 0.009 0.101 0.000 0.000 0.002
85 85 (0) 9 : 0.850 0.106 0.000 0.000 0.001 0.041 0.000 0.000 0.001
86 86 (0) 9 : 0.706 0.001 0.000 0.001 0.000 0.291 0.000 0.000 0.000
87 87 (0) 9 : 0.780 0.155 0.000 0.000 0.000 0.064 0.000 0.000 0.000
88 88 (0) 9 : 0.831 0.109 0.000 0.000 0.000 0.058 0.000 0.000 0.002
89 89 (0) 9 : 0.665 0.048 0.000 0.000 0.000 0.287 0.000 0.000 0.000
90 90 (0) 9 : 0.793 0.044 0.000 0.000 0.000 0.163 0.000 0.000 0.000
91 91 (0) 10 : 0.091 0.003 0.124 0.000 0.770 0.000 0.000 0.000 0.012
92 92 (0) 10 : 0.119 0.003 0.017 0.000 0.821 0.000 0.000 0.000 0.040
93 93 (0) 10 : 0.089 0.003 0.001 0.000 0.906 0.000 0.000 0.000 0.001
94 94 (0) 10 : 0.103 0.006 0.028 0.000 0.862 0.000 0.000 0.000 0.001
95 95 (0) 10 : 0.095 0.000 0.000 0.000 0.903 0.000 0.000 0.000 0.001
96 96 (0) 10 : 0.135 0.012 0.000 0.000 0.851 0.000 0.000 0.000 0.001
97 97 (0) 10 : 0.149 0.004 0.093 0.000 0.753 0.000 0.000 0.000 0.001
98 98 (0) 10 : 0.089 0.008 0.001 0.000 0.899 0.000 0.000 0.000 0.004
99 99 (0) 10 : 0.001 0.001 0.003 0.000 0.777 0.000 0.215 0.002 0.001
100 100 (0) 10 : 0.126 0.001 0.001 0.000 0.871 0.000 0.000 0.000 0.001
101 101 (0) 10 : 0.001 0.000 0.005 0.000 0.787 0.000 0.206 0.000 0.001
102 102 (0) 10 : 0.135 0.001 0.002 0.000 0.853 0.000 0.000 0.000 0.010
103 103 (0) 10 : 0.125 0.001 0.006 0.000 0.867 0.000 0.000 0.000 0.001
1 1 (0) 1 : 0.000 0.000 0.000 0.663 0.001 0.000 0.335 0.000 0.002
2 2 (0) 1 : 0.000 0.000 0.000 0.347 0.000 0.000 0.475 0.176 0.001
3 3 (0) 1 : 0.000 0.000 0.001 0.803 0.000 0.000 0.112 0.000 0.083
4 4 (0) 1 : 0.000 0.000 0.000 0.603 0.000 0.000 0.393 0.000 0.004
5 5 (0) 1 : 0.000 0.000 0.000 0.000 0.000 0.000 0.681 0.318 0.000
6 6 (0) 1 : 0.000 0.000 0.000 0.260 0.000 0.080 0.659 0.000 0.000
7 7 (0) 1 : 0.000 0.000 0.000 0.551 0.000 0.041 0.406 0.000 0.001
8 8 (0) 1 : 0.001 0.000 0.000 0.692 0.003 0.000 0.186 0.110 0.008
9 9 (0) 1 : 0.000 0.000 0.000 0.473 0.000 0.000 0.525 0.000 0.001
10 10 (0) 1 : 0.000 0.000 0.000 0.053 0.000 0.000 0.200 0.746 0.000
11 11 (0) 1 : 0.000 0.000 0.020 0.864 0.031 0.000 0.005 0.000 0.081
12 12 (0) 1 : 0.000 0.000 0.000 0.369 0.000 0.000 0.078 0.550 0.002
13 13 (0) 2 : 0.000 0.000 0.000 0.000 0.000 1.000 0.000 0.000 0.000
14 14 (0) 2 : 0.000 0.000 0.000 0.000 0.000 1.000 0.000 0.000 0.000
15 15 (0) 2 : 0.000 0.000 0.000 0.000 0.000 1.000 0.000 0.000 0.000
16 16 (0) 3 : 0.858 0.000 0.083 0.001 0.057 0.000 0.000 0.000 0.001
17 17 (0) 3 : 0.999 0.000 0.000 0.000 0.000 0.000 0.000 0.000 0.000
18 18 (0) 3 : 0.918 0.000 0.078 0.002 0.001 0.000 0.000 0.000 0.001
19 19 (0) 3 : 0.583 0.000 0.000 0.000 0.000 0.017 0.002 0.398 0.000
20 20 (0) 3 : 0.374 0.000 0.000 0.000 0.000 0.030 0.000 0.595 0.000
21 21 (0) 3 : 0.888 0.000 0.037 0.046 0.005 0.000 0.000 0.000 0.024
22 22 (0) 3 : 0.689 0.000 0.000 0.000 0.000 0.000 0.000 0.310 0.000
23 23 (0) 3 : 0.773 0.000 0.112 0.102 0.013 0.000 0.000 0.000 0.001
24 24 (0) 3 : 0.861 0.000 0.096 0.007 0.019 0.000 0.000 0.000 0.017
25 25 (0) 3 : 0.889 0.000 0.007 0.001 0.002 0.000 0.000 0.100 0.000
26 26 (0) 3 : 0.996 0.000 0.000 0.001 0.001 0.000 0.000 0.000 0.001
27 27 (0) 3 : 0.998 0.000 0.000 0.001 0.000 0.000 0.000 0.000 0.000
28 28 (0) 4 : 0.000 0.000 0.000 0.998 0.000 0.000 0.000 0.000 0.001
29 29 (0) 4 : 0.000 0.000 0.000 0.999 0.000 0.000 0.000 0.000 0.000
30 30 (0) 4 : 0.000 0.000 0.000 0.998 0.000 0.000 0.000 0.000 0.001
31 31 (0) 4 : 0.000 0.000 0.001 0.954 0.002 0.000 0.000 0.042 0.001
32 32 (0) 4 : 0.000 0.000 0.000 0.967 0.000 0.001 0.004 0.026 0.001
33 33 (0) 4 : 0.000 0.000 0.000 0.999 0.000 0.000 0.000 0.000 0.001
34 34 (0) 4 : 0.000 0.000 0.000 0.999 0.000 0.000 0.000 0.000 0.000
35 35 (0) 5 : 0.000 0.000 0.000 0.001 0.000 0.000 0.000 0.000 0.998
36 36 (0) 5 : 0.000 0.000 0.000 0.002 0.000 0.000 0.000 0.000 0.998
37 37 (0) 5 : 0.000 0.000 0.000 0.001 0.000 0.000 0.000 0.000 0.998
38 38 (0) 5 : 0.000 0.000 0.000 0.001 0.000 0.000 0.000 0.000 0.998
39 39 (0) 5 : 0.000 0.000 0.000 0.000 0.000 0.000 0.000 0.000 0.999
40 40 (0) 5 : 0.000 0.000 0.000 0.000 0.000 0.000 0.000 0.331 0.669
41 41 (0) 5 : 0.000 0.000 0.000 0.000 0.000 0.000 0.000 0.000 0.999
42 42 (0) 5 : 0.000 0.000 0.000 0.000 0.000 0.000 0.000 0.086 0.914
43 43 (0) 5 : 0.000 0.000 0.000 0.028 0.000 0.000 0.000 0.000 0.971
44 44 (0) 5 : 0.000 0.000 0.000 0.000 0.000 0.000 0.000 0.000 0.999
45 45 (0) 5 : 0.000 0.000 0.000 0.004 0.000 0.000 0.000 0.000 0.995
46 46 (0) 5 : 0.000 0.000 0.000 0.000 0.000 0.000 0.000 0.000 0.999
47 47 (0) 5 : 0.000 0.000 0.000 0.001 0.000 0.000 0.000 0.000 0.999
48 48 (0) 6 : 0.004 0.001 0.003 0.986 0.005 0.000 0.000 0.000 0.000
49 49 (0) 6 : 0.000 0.000 0.000 0.994 0.000 0.000 0.000 0.000 0.005
50 50 (0) 6 : 0.000 0.000 0.016 0.959 0.014 0.000 0.000 0.000 0.011
51 51 (0) 6 : 0.000 0.005 0.000 0.992 0.000 0.000 0.000 0.000 0.002
52 52 (0) 6 : 0.000 0.000 0.002 0.996 0.001 0.000 0.000 0.000 0.000
53 53 (0) 6 : 0.006 0.000 0.000 0.991 0.002 0.000 0.000 0.000 0.001
54 54 (0) 6 : 0.000 0.000 0.000 0.992 0.002 0.000 0.000 0.000 0.006
55 55 (0) 6 : 0.000 0.000 0.000 0.987 0.012 0.000 0.000 0.000 0.001
56 56 (0) 6 : 0.000 0.000 0.000 0.862 0.135 0.000 0.000 0.000 0.002
57 57 (0) 6 : 0.000 0.000 0.000 0.995 0.000 0.000 0.000 0.000 0.004
58 58 (0) 6 : 0.003 0.801 0.112 0.066 0.003 0.000 0.000 0.000 0.016
59 59 (0) 7 : 0.001 0.996 0.001 0.001 0.000 0.000 0.000 0.000 0.000
60 60 (0) 7 : 0.001 0.996 0.001 0.001 0.000 0.000 0.000 0.000 0.000
61 61 (0) 7 : 0.000 0.991 0.005 0.002 0.001 0.000 0.000 0.000 0.001
62 62 (0) 7 : 0.000 0.989 0.010 0.000 0.001 0.000 0.000 0.000 0.000
63 63 (0) 7 : 0.000 0.983 0.002 0.001 0.001 0.000 0.000 0.000 0.013
64 64 (0) 7 : 0.000 0.996 0.000 0.001 0.001 0.000 0.000 0.000 0.000
65 65 (0) 7 : 0.000 0.984 0.008 0.005 0.001 0.000 0.000 0.000 0.000
66 66 (0) 8 : 0.005 0.000 0.000 0.090 0.862 0.000 0.000 0.000 0.042
67 67 (0) 8 : 0.000 0.000 0.000 0.001 0.998 0.000 0.000 0.000 0.001
68 68 (0) 8 : 0.000 0.000 0.001 0.001 0.997 0.000 0.000 0.000 0.000
69 69 (0) 8 : 0.000 0.000 0.000 0.001 0.998 0.000 0.000 0.000 0.000
70 70 (0) 8 : 0.000 0.000 0.000 0.021 0.978 0.000 0.000 0.000 0.001
71 71 (0) 8 : 0.000 0.000 0.000 0.094 0.891 0.000 0.000 0.000 0.014
72 72 (0) 8 : 0.001 0.000 0.001 0.001 0.995 0.000 0.000 0.000 0.001
73 73 (0) 8 : 0.000 0.000 0.000 0.001 0.874 0.000 0.000 0.124 0.000
74 74 (0) 8 : 0.002 0.000 0.000 0.002 0.947 0.000 0.000 0.049 0.000
75 75 (0) 8 : 0.004 0.000 0.001 0.054 0.937 0.000 0.000 0.000 0.004
76 76 (0) 8 : 0.002 0.000 0.001 0.118 0.876 0.000 0.000 0.000 0.003
77 77 (0) 8 : 0.000 0.000 0.001 0.007 0.987 0.000 0.000 0.000 0.004
78 78 (0) 9 : 0.000 0.000 0.129 0.740 0.001 0.000 0.000 0.016 0.114
79 79 (0) 9 : 0.001 0.000 0.003 0.901 0.001 0.000 0.000 0.000 0.093
80 80 (0) 9 : 0.000 0.000 0.000 0.918 0.000 0.000 0.000 0.000 0.081
81 81 (0) 9 : 0.001 0.000 0.001 0.803 0.003 0.000 0.013 0.078 0.101
82 82 (0) 9 : 0.002 0.000 0.000 0.827 0.031 0.002 0.053 0.000 0.083
83 83 (0) 9 : 0.000 0.001 0.004 0.834 0.047 0.000 0.000 0.000 0.113
84 84 (0) 9 : 0.000 0.000 0.110 0.877 0.000 0.000 0.000 0.000 0.013
85 85 (0) 9 : 0.000 0.006 0.001 0.882 0.000 0.000 0.000 0.000 0.111
86 86 (0) 9 : 0.000 0.000 0.001 0.759 0.002 0.010 0.111 0.072 0.044
87 87 (0) 9 : 0.000 0.000 0.001 0.834 0.001 0.000 0.000 0.000 0.164
88 88 (0) 9 : 0.000 0.000 0.000 0.889 0.006 0.000 0.000 0.000 0.104
89 89 (0) 9 : 0.000 0.000 0.000 0.705 0.000 0.042 0.156 0.001 0.096
90 90 (0) 9 : 0.000 0.000 0.000 0.860 0.000 0.000 0.032 0.034 0.072
91 91 (0) 10 : 0.102 0.024 0.870 0.002 0.002 0.000 0.000 0.000 0.001
92 92 (0) 10 : 0.009 0.001 0.937 0.018 0.034 0.000 0.000 0.000 0.001
93 93 (0) 10 : 0.000 0.000 0.997 0.000 0.000 0.000 0.000 0.000 0.001
94 94 (0) 10 : 0.002 0.000 0.996 0.000 0.000 0.000 0.000 0.000 0.002
95 95 (0) 10 : 0.000 0.001 0.998 0.001 0.000 0.000 0.000 0.000 0.000
96 96 (0) 10 : 0.001 0.010 0.981 0.002 0.002 0.000 0.000 0.000 0.003
97 97 (0) 10 : 0.086 0.035 0.815 0.060 0.000 0.000 0.000 0.000 0.004
98 98 (0) 10 : 0.000 0.000 0.994 0.001 0.001 0.000 0.000 0.000 0.004
99 99 (0) 10 : 0.001 0.000 0.792 0.000 0.000 0.000 0.000 0.206 0.000
100 100 (0) 10 : 0.000 0.001 0.991 0.006 0.001 0.000 0.000 0.000 0.002
101 101 (0) 10 : 0.000 0.001 0.794 0.000 0.000 0.000 0.000 0.204 0.000
102 102 (0) 10 : 0.001 0.001 0.987 0.002 0.009 0.000 0.000 0.000 0.001
103 103 (0) 10 : 0.006 0.000 0.993 0.000 0.000 0.000 0.000 0.000 0.000
1 1 (0) 1 : 0.000 0.000 0.000 0.334 0.000 0.000 0.002 0.000 0.664
2 2 (0) 1 : 0.000 0.000 0.000 0.469 0.000 0.179 0.001 0.000 0.350
3 3 (0) 1 : 0.000 0.000 0.000 0.111 0.000 0.000 0.080 0.001 0.807
4 4 (0) 1 : 0.000 0.000 0.000 0.393 0.000 0.000 0.003 0.000 0.604
5 5 (0) 1 : 0.000 0.000 0.000 0.677 0.000 0.322 0.000 0.000 0.000
6 6 (0) 1 : 0.000 0.000 0.079 0.661 0.000 0.000 0.000 0.000 0.260
7 7 (0) 1 : 0.000 0.000 0.040 0.407 0.000 0.000 0.001 0.000 0.551
8 8 (0) 1 : 0.004 0.000 0.000 0.184 0.000 0.111 0.010 0.000 0.690
9 9 (0) 1 : 0.000 0.000 0.000 0.524 0.000 0.000 0.001 0.000 0.474
10 10 (0) 1 : 0.000 0.000 0.000 0.228 0.000 0.728 0.000 0.000 0.043
11 11 (0) 1 : 0.025 0.000 0.000 0.004 0.000 0.000 0.080 0.025 0.865
12 12 (0) 1 : 0.000 0.000 0.000 0.046 0.000 0.567 0.003 0.000 0.384
13 13 (0) 2 : 0.000 0.000 1.000 0.000 0.000 0.000 0.000 0.000 0.000
14 14 (0) 2 : 0.000 0.000 1.000 0.000 0.000 0.000 0.000 0.000 0.000
15 15 (0) 2 : 0.000 0.000 1.000 0.000 0.000 0.000 0.000 0.000 0.000
16 16 (0) 3 : 0.054 0.000 0.000 0.000 0.860 0.000 0.000 0.085 0.001
17 17 (0) 3 : 0.000 0.000 0.000 0.000 0.999 0.000 0.000 0.000 0.000
18 18 (0) 3 : 0.001 0.000 0.000 0.000 0.918 0.000 0.001 0.079 0.001
19 19 (0) 3 : 0.000 0.000 0.018 0.000 0.583 0.399 0.000 0.000 0.000
20 20 (0) 3 : 0.000 0.000 0.026 0.000 0.375 0.599 0.000 0.000 0.000
21 21 (0) 3 : 0.002 0.000 0.000 0.000 0.889 0.000 0.035 0.035 0.039
22 22 (0) 3 : 0.000 0.000 0.000 0.000 0.689 0.310 0.000 0.000 0.000
23 23 (0) 3 : 0.013 0.000 0.000 0.000 0.774 0.000 0.001 0.108 0.103
24 24 (0) 3 : 0.016 0.000 0.000 0.000 0.863 0.000 0.017 0.097 0.007
25 25 (0) 3 : 0.002 0.000 0.000 0.000 0.889 0.100 0.000 0.008 0.000
26 26 (0) 3 : 0.001 0.000 0.000 0.000 0.996 0.000 0.002 0.000 0.001
27 27 (0) 3 : 0.000 0.000 0.000 0.000 0.998 0.000 0.001 0.000 0.000
28 28 (0) 4 : 0.000 0.000 0.000 0.000 0.000 0.000 0.001 0.000 0.998
29 29 (0) 4 : 0.000 0.000 0.000 0.000 0.000 0.000 0.001 0.000 0.999
30 30 (0) 4 : 0.000 0.000 0.000 0.000 0.000 0.000 0.000 0.000 0.999
31 31 (0) 4 : 0.003 0.000 0.000 0.000 0.000 0.042 0.000 0.001 0.954
32 32 (0) 4 : 0.000 0.000 0.000 0.004 0.000 0.026 0.001 0.000 0.967
33 33 (0) 4 : 0.000 0.000 0.000 0.000 0.000 0.000 0.001 0.000 0.999
34 34 (0) 4 : 0.000 0.000 0.000 0.000 0.000 0.000 0.000 0.000 0.999
35 35 (0) 5 : 0.000 0.000 0.000 0.000 0.000 0.000 0.998 0.000 0.002
36 36 (0) 5 : 0.000 0.000 0.000 0.000 0.000 0.000 0.998 0.000 0.001
37 37 (0) 5 : 0.000 0.000 0.000 0.000 0.000 0.000 0.998 0.000 0.001
38 38 (0) 5 : 0.000 0.000 0.000 0.000 0.000 0.000 0.999 0.000 0.001
39 39 (0) 5 : 0.000 0.000 0.000 0.000 0.000 0.000 0.999 0.000 0.000
40 40 (0) 5 : 0.000 0.000 0.000 0.000 0.000 0.331 0.669 0.000 0.000
41 41 (0) 5 : 0.000 0.000 0.000 0.000 0.000 0.000 0.999 0.000 0.001
42 42 (0) 5 : 0.000 0.000 0.000 0.000 0.000 0.086 0.914 0.000 0.000
43 43 (0) 5 : 0.000 0.000 0.000 0.000 0.000 0.000 0.971 0.000 0.028
44 44 (0) 5 : 0.000 0.000 0.000 0.000 0.000 0.000 0.999 0.000 0.000
45 45 (0) 5 : 0.000 0.000 0.000 0.000 0.000 0.000 0.996 0.000 0.003
46 46 (0) 5 : 0.000 0.000 0.000 0.000 0.000 0.000 0.999 0.000 0.000
47 47 (0) 5 : 0.000 0.000 0.000 0.000 0.000 0.000 0.999 0.000 0.001
48 48 (0) 6 : 0.004 0.001 0.000 0.000 0.004 0.000 0.000 0.003 0.987
49 49 (0) 6 : 0.000 0.000 0.000 0.000 0.000 0.000 0.003 0.000 0.996
50 50 (0) 6 : 0.013 0.000 0.000 0.000 0.001 0.000 0.012 0.015 0.959
51 51 (0) 6 : 0.000 0.006 0.000 0.000 0.000 0.000 0.003 0.000 0.991
52 52 (0) 6 : 0.001 0.000 0.000 0.000 0.000 0.000 0.000 0.003 0.995
53 53 (0) 6 : 0.001 0.000 0.000 0.000 0.008 0.000 0.001 0.000 0.990
54 54 (0) 6 : 0.003 0.000 0.000 0.000 0.000 0.000 0.005 0.000 0.992
55 55 (0) 6 : 0.009 0.000 0.000 0.000 0.000 0.000 0.000 0.000 0.990
56 56 (0) 6 : 0.135 0.000 0.000 0.000 0.000 0.000 0.002 0.000 0.862
57 57 (0) 6 : 0.000 0.000 0.000 0.000 0.000 0.000 0.002 0.000 0.997
58 58 (0) 6 : 0.006 0.799 0.000 0.000 0.002 0.000 0.007 0.109 0.077
59 59 (0) 7 : 0.000 0.996 0.000 0.000 0.001 0.000 0.001 0.001 0.001
60 60 (0) 7 : 0.000 0.997 0.000 0.000 0.001 0.000 0.000 0.001 0.001
61 61 (0) 7 : 0.001 0.990 0.000 0.000 0.000 0.000 0.001 0.005 0.003
62 62 (0) 7 : 0.001 0.987 0.000 0.000 0.000 0.000 0.000 0.012 0.000
63 63 (0) 7 : 0.001 0.983 0.000 0.000 0.000 0.000 0.012 0.002 0.002
64 64 (0) 7 : 0.001 0.996 0.000 0.000 0.000 0.000 0.001 0.000 0.001
65 65 (0) 7 : 0.001 0.984 0.000 0.000 0.000 0.000 0.000 0.008 0.006
66 66 (0) 8 : 0.859 0.000 0.000 0.000 0.005 0.000 0.050 0.000 0.086
67 67 (0) 8 : 0.999 0.000 0.000 0.000 0.000 0.000 0.000 0.000 0.000
68 68 (0) 8 : 0.997 0.000 0.000 0.000 0.000 0.000 0.000 0.001 0.001
69 69 (0) 8 : 0.998 0.000 0.000 0.000 0.000 0.000 0.000 0.000 0.001
70 70 (0) 8 : 0.972 0.000 0.000 0.000 0.000 0.000 0.000 0.000 0.027
71 71 (0) 8 : 0.889 0.000 0.000 0.000 0.000 0.000 0.015 0.000 0.096
72 72 (0) 8 : 0.996 0.000 0.000 0.000 0.001 0.000 0.001 0.001 0.001
73 73 (0) 8 : 0.874 0.000 0.000 0.000 0.000 0.125 0.000 0.000 0.001
74 74 (0) 8 : 0.947 0.000 0.000 0.000 0.002 0.049 0.000 0.000 0.001
75 75 (0) 8 : 0.937 0.000 0.000 0.000 0.005 0.000 0.005 0.000 0.053
76 76 (0) 8 : 0.875 0.000 0.000 0.000 0.003 0.000 0.003 0.001 0.118
77 77 (0) 8 : 0.985 0.001 0.000 0.000 0.000 0.000 0.003 0.001 0.009
78 78 (0) 9 : 0.001 0.000 0.000 0.000 0.000 0.018 0.112 0.126 0.742
79 79 (0) 9 : 0.002 0.000 0.000 0.000 0.001 0.000 0.092 0.003 0.901
80 80 (0) 9 : 0.000 0.000 0.000 0.000 0.000 0.000 0.079 0.000 0.920
81 81 (0) 9 : 0.003 0.000 0.000 0.007 0.001 0.080 0.099 0.001 0.809
82 82 (0) 9 : 0.029 0.000 0.003 0.053 0.002 0.000 0.083 0.000 0.831
83 83 (0) 9 : 0.049 0.001 0.000 0.000 0.000 0.000 0.111 0.004 0.835
84 84 (0) 9 : 0.001 0.001 0.000 0.000 0.000 0.000 0.011 0.109 0.879
85 85 (0) 9 : 0.001 0.004 0.000 0.000 0.000 0.000 0.109 0.001 0.885
86 86 (0) 9 : 0.001 0.000 0.010 0.110 0.000 0.073 0.040 0.002 0.764
87 87 (0) 9 : 0.001 0.000 0.000 0.000 0.001 0.000 0.163 0.001 0.834
88 88 (0) 9 : 0.002 0.000 0.000 0.000 0.001 0.000 0.103 0.000 0.894
89 89 (0) 9 : 0.000 0.000 0.042 0.157 0.000 0.000 0.092 0.000 0.707
90 90 (0) 9 : 0.000 0.000 0.000 0.033 0.000 0.034 0.070 0.000 0.861
91 91 (0) 10 : 0.002 0.025 0.000 0.000 0.101 0.000 0.001 0.868 0.002
92 92 (0) 10 : 0.045 0.001 0.000 0.000 0.008 0.000 0.001 0.939 0.006
93 93 (0) 10 : 0.000 0.000 0.000 0.000 0.001 0.000 0.002 0.997 0.000
94 94 (0) 10 : 0.000 0.000 0.000 0.000 0.003 0.000 0.001 0.995 0.000
95 95 (0) 10 : 0.000 0.001 0.000 0.000 0.000 0.000 0.000 0.998 0.000
96 96 (0) 10 : 0.001 0.013 0.000 0.000 0.000 0.000 0.003 0.980 0.002
97 97 (0) 10 : 0.001 0.035 0.000 0.000 0.085 0.000 0.002 0.812 0.066
98 98 (0) 10 : 0.000 0.000 0.000 0.000 0.000 0.000 0.003 0.995 0.001
99 99 (0) 10 : 0.000 0.000 0.000 0.000 0.001 0.207 0.000 0.792 0.000
100 100 (0) 10 : 0.001 0.001 0.000 0.000 0.000 0.000 0.001 0.993 0.004
101 101 (0) 10 : 0.000 0.001 0.000 0.000 0.000 0.204 0.000 0.794 0.000
102 102 (0) 10 : 0.007 0.001 0.000 0.000 0.001 0.000 0.001 0.989 0.002
103 103 (0) 10 : 0.000 0.000 0.000 0.000 0.007 0.000 0.000 0.992 0.000
