1:	0.5292 0.0025 0.0021 0.0119 0.0000 0.0013 0.0974 0.2461 0.0001 0.0152 0.0930 0.0012 	12
2:	0.0000 1.0000 0.0000 0.0000 0.0000 0.0000 0.0000 0.0000 0.0000 0.0000 0.0000 0.0000 	3
3:	0.0463 0.0001 0.0269 0.0011 0.0000 0.0045 0.1016 0.0087 0.7932 0.0060 0.0116 0.0000 	12
4:	0.7227 0.0001 0.0001 0.0007 0.0000 0.0002 0.0001 0.0041 0.0000 0.0007 0.0004 0.2710 	7
5:	0.0054 0.0000 0.0000 0.9594 0.0000 0.0000 0.0173 0.0125 0.0000 0.0024 0.0030 0.0001 	13
6:	0.8572 0.0000 0.0116 0.0016 0.0716 0.0130 0.0000 0.0000 0.0012 0.0000 0.0002 0.0436 	11
7:	0.0257 0.0000 0.0047 0.0018 0.9668 0.0004 0.0000 0.0000 0.0005 0.0000 0.0000 0.0000 	7
8:	0.0963 0.0000 0.0003 0.0034 0.0000 0.8833 0.0059 0.0075 0.0009 0.0009 0.0014 0.0001 	12
9:	0.7850 0.0010 0.0056 0.0623 0.0008 0.0039 0.0018 0.0055 0.0001 0.1241 0.0081 0.0019 	13
10:	0.0368 0.0000 0.9039 0.0014 0.0055 0.0022 0.0154 0.0084 0.0152 0.0040 0.0072 0.0001 	13
