1 1 (0) 1 : 0.000 0.000 0.035 0.004 0.000 0.700 0.020 0.238 0.000 0.000 0.001 0.002
2 2 (0) 1 : 0.000 0.000 0.000 0.000 0.000 0.447 0.000 0.552 0.000 0.000 0.000 0.001
3 3 (0) 1 : 0.000 0.002 0.025 0.016 0.000 0.826 0.002 0.066 0.000 0.000 0.000 0.062
4 4 (0) 1 : 0.000 0.000 0.004 0.001 0.000 0.691 0.000 0.297 0.000 0.000 0.000 0.007
5 5 (0) 1 : 0.000 0.000 0.000 0.000 0.000 0.104 0.000 0.895 0.000 0.000 0.000 0.000
6 6 (0) 1 : 0.000 0.000 0.000 0.611 0.000 0.389 0.000 0.000 0.000 0.000 0.000 0.000
7 7 (0) 1 : 0.000 0.000 0.005 0.365 0.000 0.626 0.000 0.000 0.000 0.000 0.001 0.002
8 8 (0) 1 : 0.000 0.000 0.035 0.029 0.028 0.700 0.001 0.205 0.000 0.000 0.001 0.002
9 9 (0) 1 : 0.000 0.000 0.000 0.165 0.000 0.594 0.000 0.240 0.000 0.000 0.000 0.000
10 10 (0) 1 : 0.000 0.000 0.000 0.104 0.788 0.107 0.000 0.000 0.000 0.000 0.000 0.000
11 11 (0) 1 : 0.000 0.024 0.030 0.008 0.000 0.831 0.025 0.000 0.000 0.000 0.014 0.067
12 12 (0) 1 : 0.000 0.000 0.000 0.011 0.454 0.359 0.000 0.174 0.000 0.000 0.000 0.001
13 13 (0) 2 : 0.000 0.000 0.000 0.000 0.000 0.000 0.000 0.000 0.000 1.000 0.000 0.000
14 14 (0) 2 : 0.000 0.000 0.000 0.000 0.000 0.000 0.000 0.000 0.000 1.000 0.000 0.000
15 15 (0) 2 : 0.000 0.000 0.000 0.000 0.000 0.000 0.000 0.000 0.000 1.000 0.000 0.000
16 16 (0) 3 : 0.000 0.054 0.000 0.000 0.000 0.163 0.000 0.000 0.778 0.000 0.004 0.000
17 17 (0) 3 : 0.000 0.000 0.000 0.000 0.000 0.101 0.000 0.000 0.898 0.000 0.000 0.000
18 18 (0) 3 : 0.000 0.023 0.000 0.000 0.000 0.158 0.000 0.000 0.818 0.000 0.000 0.000
19 19 (0) 3 : 0.000 0.000 0.000 0.001 0.353 0.000 0.000 0.077 0.567 0.001 0.000 0.000
20 20 (0) 3 : 0.000 0.000 0.000 0.000 0.629 0.000 0.000 0.000 0.371 0.000 0.000 0.000
21 21 (0) 3 : 0.000 0.004 0.000 0.000 0.000 0.215 0.000 0.000 0.779 0.000 0.001 0.001
22 22 (0) 3 : 0.000 0.000 0.000 0.000 0.310 0.000 0.000 0.001 0.688 0.000 0.000 0.000
23 23 (0) 3 : 0.000 0.057 0.000 0.000 0.000 0.274 0.000 0.000 0.666 0.000 0.002 0.000
24 24 (0) 3 : 0.001 0.028 0.000 0.000 0.000 0.202 0.000 0.000 0.766 0.000 0.001 0.002
25 25 (0) 3 : 0.000 0.001 0.000 0.000 0.093 0.108 0.000 0.000 0.796 0.000 0.000 0.000
26 26 (0) 3 : 0.000 0.000 0.000 0.000 0.000 0.130 0.000 0.000 0.869 0.000 0.000 0.001
27 27 (0) 3 : 0.000 0.000 0.000 0.000 0.000 0.116 0.000 0.000 0.883 0.000 0.000 0.000
28 28 (0) 4 : 0.000 0.000 0.000 0.013 0.000 0.979 0.004 0.000 0.000 0.000 0.000 0.002
29 29 (0) 4 : 0.001 0.000 0.000 0.000 0.000 0.993 0.002 0.000 0.000 0.000 0.001 0.002
30 30 (0) 4 : 0.000 0.000 0.000 0.000 0.000 0.999 0.000 0.000 0.000 0.000 0.000 0.000
31 31 (0) 4 : 0.000 0.001 0.000 0.000 0.002 0.927 0.006 0.057 0.000 0.000 0.006 0.000
32 32 (0) 4 : 0.000 0.000 0.025 0.000 0.001 0.926 0.002 0.043 0.000 0.002 0.000 0.000
33 33 (0) 4 : 0.000 0.000 0.000 0.000 0.000 0.998 0.000 0.000 0.000 0.000 0.000 0.001
34 34 (0) 4 : 0.000 0.000 0.000 0.000 0.000 0.999 0.000 0.000 0.000 0.000 0.000 0.000
35 35 (0) 5 : 0.000 0.000 0.000 0.000 0.000 0.015 0.000 0.000 0.000 0.000 0.000 0.984
36 36 (0) 5 : 0.000 0.000 0.000 0.000 0.000 0.013 0.000 0.000 0.000 0.000 0.000 0.986
37 37 (0) 5 : 0.000 0.000 0.000 0.000 0.000 0.004 0.000 0.000 0.000 0.000 0.000 0.995
38 38 (0) 5 : 0.000 0.000 0.000 0.000 0.000 0.002 0.000 0.000 0.000 0.000 0.000 0.997
39 39 (0) 5 : 0.000 0.000 0.000 0.000 0.000 0.001 0.000 0.000 0.000 0.000 0.000 0.998
40 40 (0) 5 : 0.000 0.000 0.000 0.000 0.196 0.000 0.000 0.168 0.000 0.000 0.000 0.636
41 41 (0) 5 : 0.000 0.001 0.000 0.000 0.000 0.009 0.000 0.000 0.000 0.000 0.000 0.990
42 42 (0) 5 : 0.000 0.000 0.000 0.000 0.087 0.000 0.000 0.000 0.000 0.000 0.000 0.912
43 43 (0) 5 : 0.000 0.000 0.000 0.000 0.000 0.066 0.000 0.000 0.000 0.000 0.000 0.934
44 44 (0) 5 : 0.000 0.000 0.000 0.000 0.000 0.000 0.000 0.000 0.000 0.000 0.000 0.999
45 45 (0) 5 : 0.000 0.000 0.000 0.000 0.000 0.022 0.000 0.000 0.000 0.000 0.000 0.978
46 46 (0) 5 : 0.000 0.000 0.000 0.000 0.000 0.001 0.000 0.000 0.000 0.000 0.000 0.998
47 47 (0) 5 : 0.000 0.000 0.000 0.000 0.000 0.003 0.000 0.000 0.000 0.000 0.000 0.996
48 48 (0) 6 : 0.000 0.000 0.000 0.000 0.000 0.762 0.235 0.000 0.001 0.000 0.001 0.000
49 49 (0) 6 : 0.000 0.000 0.000 0.000 0.000 0.808 0.188 0.000 0.000 0.000 0.000 0.002
50 50 (0) 6 : 0.000 0.007 0.000 0.000 0.000 0.771 0.216 0.000 0.000 0.000 0.002 0.004
51 51 (0) 6 : 0.000 0.000 0.000 0.000 0.000 0.784 0.215 0.000 0.000 0.000 0.000 0.001
52 52 (0) 6 : 0.000 0.001 0.000 0.000 0.000 0.816 0.181 0.000 0.000 0.000 0.000 0.001
53 53 (0) 6 : 0.000 0.000 0.000 0.000 0.000 0.803 0.195 0.000 0.001 0.000 0.000 0.000
54 54 (0) 6 : 0.000 0.000 0.000 0.000 0.000 0.819 0.178 0.000 0.000 0.000 0.001 0.001
55 55 (0) 6 : 0.000 0.000 0.000 0.000 0.000 0.790 0.206 0.000 0.000 0.000 0.002 0.000
56 56 (0) 6 : 0.000 0.000 0.000 0.000 0.000 0.716 0.191 0.000 0.000 0.000 0.092 0.001
57 57 (0) 6 : 0.000 0.000 0.000 0.000 0.000 0.762 0.235 0.000 0.000 0.000 0.000 0.002
58 58 (0) 6 : 0.727 0.063 0.000 0.000 0.000 0.209 0.000 0.000 0.001 0.000 0.000 0.000
59 59 (0) 7 : 0.893 0.001 0.000 0.000 0.000 0.106 0.000 0.000 0.000 0.000 0.000 0.000
60 60 (0) 7 : 0.877 0.001 0.000 0.000 0.000 0.121 0.000 0.000 0.001 0.000 0.000 0.000
61 61 (0) 7 : 0.906 0.002 0.000 0.000 0.000 0.091 0.000 0.000 0.000 0.000 0.000 0.000
62 62 (0) 7 : 0.919 0.020 0.000 0.000 0.000 0.060 0.000 0.000 0.000 0.000 0.001 0.000
63 63 (0) 7 : 0.901 0.001 0.000 0.000 0.000 0.090 0.000 0.000 0.000 0.000 0.000 0.008
64 64 (0) 7 : 0.902 0.000 0.000 0.000 0.000 0.096 0.000 0.000 0.000 0.000 0.000 0.000
65 65 (0) 7 : 0.880 0.003 0.000 0.000 0.000 0.116 0.000 0.000 0.000 0.000 0.000 0.000
66 66 (0) 8 : 0.000 0.000 0.000 0.000 0.000 0.346 0.000 0.000 0.004 0.000 0.629 0.021
67 67 (0) 8 : 0.000 0.000 0.000 0.000 0.000 0.167 0.000 0.000 0.000 0.000 0.833 0.001
68 68 (0) 8 : 0.000 0.000 0.000 0.000 0.000 0.197 0.000 0.000 0.000 0.000 0.801 0.000
69 69 (0) 8 : 0.000 0.000 0.000 0.000 0.000 0.210 0.000 0.000 0.000 0.000 0.789 0.000
70 70 (0) 8 : 0.000 0.000 0.000 0.000 0.000 0.300 0.000 0.000 0.000 0.000 0.699 0.000
71 71 (0) 8 : 0.000 0.000 0.000 0.000 0.000 0.331 0.000 0.000 0.000 0.000 0.666 0.002
72 72 (0) 8 : 0.000 0.001 0.000 0.000 0.000 0.233 0.000 0.000 0.000 0.000 0.766 0.000
73 73 (0) 8 : 0.000 0.000 0.000 0.000 0.055 0.163 0.000 0.091 0.000 0.000 0.690 0.000
74 74 (0) 8 : 0.000 0.000 0.000 0.000 0.044 0.219 0.000 0.000 0.001 0.000 0.735 0.000
75 75 (0) 8 : 0.000 0.000 0.000 0.000 0.000 0.277 0.000 0.000 0.000 0.000 0.722 0.000
76 76 (0) 8 : 0.000 0.001 0.000 0.000 0.000 0.324 0.002 0.000 0.002 0.000 0.670 0.001
77 77 (0) 8 : 0.000 0.000 0.000 0.000 0.000 0.216 0.000 0.000 0.000 0.000 0.782 0.001
78 78 (0) 9 : 0.000 0.000 0.221 0.000 0.000 0.725 0.000 0.000 0.000 0.000 0.001 0.053
79 79 (0) 9 : 0.000 0.000 0.131 0.000 0.000 0.791 0.001 0.000 0.000 0.000 0.000 0.076
80 80 (0) 9 : 0.000 0.000 0.153 0.000 0.000 0.802 0.000 0.000 0.000 0.000 0.000 0.044
81 81 (0) 9 : 0.000 0.000 0.308 0.000 0.000 0.651 0.000 0.000 0.000 0.000 0.000 0.040
82 82 (0) 9 : 0.000 0.000 0.187 0.001 0.000 0.757 0.000 0.000 0.000 0.000 0.010 0.045
83 83 (0) 9 : 0.000 0.001 0.119 0.000 0.000 0.778 0.000 0.000 0.000 0.000 0.008 0.094
84 84 (0) 9 : 0.000 0.002 0.152 0.000 0.000 0.843 0.000 0.000 0.000 0.000 0.001 0.001
85 85 (0) 9 : 0.001 0.000 0.093 0.000 0.000 0.825 0.000 0.000 0.000 0.000 0.000 0.080
86 86 (0) 9 : 0.000 0.000 0.343 0.000 0.001 0.639 0.000 0.013 0.000 0.001 0.000 0.001
87 87 (0) 9 : 0.000 0.000 0.118 0.000 0.000 0.752 0.000 0.000 0.000 0.000 0.000 0.129
88 88 (0) 9 : 0.000 0.000 0.097 0.000 0.000 0.783 0.031 0.000 0.000 0.000 0.001 0.086
89 89 (0) 9 : 0.000 0.000 0.196 0.100 0.000 0.674 0.000 0.000 0.000 0.009 0.000 0.020
90 90 (0) 9 : 0.000 0.000 0.224 0.000 0.000 0.768 0.000 0.000 0.000 0.000 0.000 0.007
91 91 (0) 10 : 0.026 0.756 0.000 0.000 0.000 0.128 0.000 0.000 0.086 0.000 0.001 0.003
92 92 (0) 10 : 0.001 0.792 0.000 0.000 0.000 0.202 0.000 0.000 0.003 0.000 0.001 0.001
93 93 (0) 10 : 0.000 0.869 0.000 0.000 0.000 0.128 0.000 0.000 0.000 0.000 0.000 0.001
94 94 (0) 10 : 0.000 0.863 0.000 0.000 0.000 0.130 0.000 0.000 0.002 0.000 0.000 0.004
95 95 (0) 10 : 0.000 0.850 0.000 0.000 0.000 0.149 0.000 0.000 0.000 0.000 0.000 0.000
96 96 (0) 10 : 0.005 0.821 0.000 0.000 0.000 0.172 0.000 0.000 0.000 0.000 0.000 0.001
97 97 (0) 10 : 0.032 0.708 0.000 0.000 0.000 0.185 0.000 0.000 0.072 0.000 0.000 0.003
98 98 (0) 10 : 0.000 0.881 0.000 0.000 0.000 0.115 0.000 0.000 0.000 0.000 0.000 0.004
99 99 (0) 10 : 0.000 0.766 0.000 0.000 0.163 0.003 0.000 0.066 0.002 0.000 0.000 0.000
100 100 (0) 10 : 0.000 0.831 0.000 0.000 0.000 0.167 0.000 0.000 0.000 0.000 0.000 0.001
101 101 (0) 10 : 0.002 0.772 0.000 0.000 0.165 0.005 0.000 0.055 0.001 0.000 0.000 0.000
102 102 (0) 10 : 0.000 0.828 0.000 0.000 0.000 0.170 0.000 0.000 0.000 0.000 0.000 0.000
103 103 (0) 10 : 0.000 0.853 0.000 0.000 0.000 0.143 0.000 0.000 0.003 0.000 0.000 0.000
1 1 (0) 1 : 0.000 0.007 0.000 0.000 0.001 0.000 0.000 0.330 0.000 0.001 0.660 0.000
2 2 (0) 1 : 0.130 0.005 0.000 0.000 0.000 0.000 0.000 0.517 0.000 0.001 0.347 0.000
3 3 (0) 1 : 0.000 0.000 0.003 0.000 0.000 0.000 0.000 0.119 0.000 0.066 0.811 0.001
4 4 (0) 1 : 0.000 0.000 0.000 0.001 0.000 0.000 0.000 0.398 0.000 0.001 0.600 0.000
5 5 (0) 1 : 0.249 0.022 0.000 0.000 0.000 0.000 0.000 0.728 0.000 0.000 0.001 0.000
6 6 (0) 1 : 0.000 0.000 0.013 0.000 0.000 0.095 0.000 0.591 0.000 0.000 0.300 0.000
7 7 (0) 1 : 0.000 0.000 0.001 0.000 0.000 0.054 0.000 0.372 0.000 0.001 0.573 0.000
8 8 (0) 1 : 0.084 0.003 0.000 0.002 0.002 0.000 0.001 0.230 0.000 0.002 0.677 0.000
9 9 (0) 1 : 0.000 0.000 0.000 0.000 0.000 0.000 0.000 0.500 0.000 0.000 0.498 0.000
10 10 (0) 1 : 0.672 0.208 0.000 0.000 0.000 0.000 0.000 0.000 0.000 0.000 0.119 0.000
11 11 (0) 1 : 0.000 0.000 0.000 0.000 0.017 0.000 0.000 0.019 0.000 0.073 0.872 0.018
12 12 (0) 1 : 0.479 0.136 0.000 0.000 0.000 0.000 0.000 0.000 0.000 0.001 0.382 0.000
13 13 (0) 2 : 0.000 0.000 0.000 0.000 0.000 1.000 0.000 0.000 0.000 0.000 0.000 0.000
14 14 (0) 2 : 0.000 0.000 0.000 0.000 0.000 1.000 0.000 0.000 0.000 0.000 0.000 0.000
15 15 (0) 2 : 0.000 0.000 0.000 0.000 0.000 1.000 0.000 0.000 0.000 0.000 0.000 0.000
16 16 (0) 3 : 0.000 0.000 0.000 0.000 0.042 0.000 0.861 0.000 0.000 0.001 0.011 0.086
17 17 (0) 3 : 0.000 0.000 0.000 0.000 0.000 0.000 0.998 0.000 0.000 0.000 0.000 0.000
18 18 (0) 3 : 0.000 0.000 0.000 0.000 0.001 0.000 0.912 0.000 0.000 0.000 0.011 0.075
19 19 (0) 3 : 0.000 0.494 0.000 0.000 0.000 0.000 0.505 0.000 0.000 0.000 0.000 0.000
20 20 (0) 3 : 0.560 0.085 0.000 0.000 0.000 0.000 0.355 0.000 0.000 0.000 0.000 0.000
21 21 (0) 3 : 0.000 0.000 0.000 0.000 0.001 0.000 0.869 0.000 0.000 0.002 0.113 0.014
22 22 (0) 3 : 0.233 0.084 0.000 0.000 0.000 0.000 0.683 0.000 0.000 0.000 0.000 0.000
23 23 (0) 3 : 0.000 0.000 0.000 0.000 0.005 0.000 0.756 0.000 0.000 0.000 0.149 0.089
24 24 (0) 3 : 0.000 0.000 0.000 0.000 0.003 0.000 0.854 0.000 0.000 0.002 0.077 0.064
25 25 (0) 3 : 0.085 0.008 0.000 0.000 0.001 0.000 0.897 0.000 0.000 0.000 0.002 0.006
26 26 (0) 3 : 0.000 0.000 0.000 0.000 0.001 0.000 0.994 0.000 0.000 0.002 0.002 0.000
27 27 (0) 3 : 0.000 0.000 0.000 0.000 0.000 0.000 0.996 0.000 0.000 0.001 0.002 0.000
28 28 (0) 4 : 0.000 0.000 0.000 0.294 0.000 0.000 0.000 0.000 0.000 0.001 0.705 0.000
29 29 (0) 4 : 0.000 0.000 0.000 0.249 0.000 0.000 0.000 0.000 0.000 0.000 0.750 0.000
30 30 (0) 4 : 0.000 0.000 0.000 0.265 0.000 0.000 0.000 0.000 0.000 0.000 0.734 0.000
31 31 (0) 4 : 0.000 0.000 0.000 0.322 0.000 0.000 0.000 0.000 0.000 0.001 0.676 0.001
32 32 (0) 4 : 0.000 0.000 0.000 0.402 0.000 0.000 0.000 0.000 0.000 0.001 0.596 0.000
33 33 (0) 4 : 0.000 0.000 0.000 0.277 0.000 0.000 0.000 0.000 0.000 0.001 0.722 0.000
34 34 (0) 4 : 0.000 0.000 0.000 0.285 0.000 0.000 0.000 0.000 0.000 0.000 0.715 0.000
35 35 (0) 5 : 0.000 0.000 0.000 0.000 0.000 0.000 0.000 0.000 0.000 0.997 0.002 0.000
36 36 (0) 5 : 0.000 0.000 0.000 0.000 0.000 0.000 0.000 0.000 0.000 0.996 0.003 0.000
37 37 (0) 5 : 0.000 0.000 0.000 0.000 0.000 0.000 0.000 0.000 0.000 0.998 0.001 0.000
38 38 (0) 5 : 0.000 0.000 0.000 0.000 0.000 0.000 0.000 0.000 0.000 0.998 0.001 0.000
39 39 (0) 5 : 0.000 0.000 0.000 0.000 0.000 0.000 0.000 0.000 0.000 0.999 0.000 0.000
40 40 (0) 5 : 0.241 0.101 0.000 0.000 0.000 0.000 0.000 0.000 0.000 0.658 0.000 0.000
41 41 (0) 5 : 0.000 0.000 0.000 0.000 0.000 0.000 0.000 0.000 0.000 0.998 0.001 0.000
42 42 (0) 5 : 0.000 0.095 0.000 0.000 0.000 0.000 0.000 0.000 0.000 0.905 0.000 0.000
43 43 (0) 5 : 0.000 0.000 0.000 0.000 0.000 0.000 0.000 0.000 0.000 0.957 0.042 0.000
44 44 (0) 5 : 0.000 0.000 0.000 0.000 0.000 0.000 0.000 0.000 0.000 0.999 0.000 0.000
45 45 (0) 5 : 0.000 0.000 0.000 0.001 0.000 0.000 0.000 0.000 0.000 0.996 0.003 0.000
46 46 (0) 5 : 0.000 0.000 0.000 0.000 0.000 0.000 0.000 0.000 0.000 0.999 0.000 0.000
47 47 (0) 5 : 0.000 0.000 0.000 0.000 0.000 0.000 0.000 0.000 0.000 0.999 0.001 0.000
48 48 (0) 6 : 0.000 0.000 0.000 0.000 0.003 0.000 0.006 0.000 0.003 0.000 0.980 0.007
49 49 (0) 6 : 0.000 0.000 0.000 0.017 0.000 0.000 0.000 0.000 0.000 0.003 0.978 0.000
50 50 (0) 6 : 0.000 0.000 0.000 0.003 0.008 0.000 0.001 0.000 0.000 0.005 0.958 0.025
51 51 (0) 6 : 0.000 0.000 0.000 0.000 0.000 0.000 0.000 0.000 0.008 0.001 0.990 0.001
52 52 (0) 6 : 0.000 0.000 0.000 0.000 0.001 0.000 0.000 0.000 0.000 0.000 0.992 0.006
53 53 (0) 6 : 0.000 0.000 0.000 0.007 0.001 0.000 0.013 0.000 0.000 0.000 0.978 0.000
54 54 (0) 6 : 0.000 0.000 0.000 0.000 0.006 0.000 0.000 0.000 0.000 0.001 0.991 0.000
55 55 (0) 6 : 0.000 0.000 0.000 0.013 0.010 0.000 0.000 0.000 0.000 0.001 0.975 0.000
56 56 (0) 6 : 0.000 0.000 0.000 0.000 0.125 0.000 0.000 0.000 0.000 0.002 0.871 0.000
57 57 (0) 6 : 0.001 0.000 0.000 0.000 0.000 0.000 0.000 0.001 0.000 0.002 0.995 0.000
58 58 (0) 6 : 0.000 0.000 0.000 0.000 0.004 0.000 0.002 0.000 0.792 0.005 0.093 0.104
59 59 (0) 7 : 0.000 0.000 0.000 0.000 0.000 0.000 0.002 0.000 0.994 0.000 0.002 0.002
60 60 (0) 7 : 0.000 0.000 0.000 0.000 0.000 0.000 0.001 0.000 0.992 0.000 0.004 0.002
61 61 (0) 7 : 0.000 0.000 0.000 0.000 0.001 0.000 0.000 0.000 0.982 0.001 0.009 0.008
62 62 (0) 7 : 0.000 0.000 0.000 0.000 0.000 0.000 0.000 0.000 0.981 0.000 0.000 0.018
63 63 (0) 7 : 0.000 0.000 0.000 0.000 0.001 0.000 0.000 0.000 0.981 0.012 0.004 0.002
64 64 (0) 7 : 0.000 0.000 0.000 0.000 0.001 0.000 0.001 0.000 0.995 0.001 0.002 0.000
65 65 (0) 7 : 0.000 0.000 0.000 0.000 0.000 0.000 0.000 0.000 0.956 0.000 0.039 0.004
66 66 (0) 8 : 0.000 0.000 0.000 0.000 0.813 0.000 0.006 0.000 0.000 0.011 0.168 0.000
67 67 (0) 8 : 0.000 0.000 0.000 0.000 0.996 0.000 0.000 0.000 0.000 0.001 0.002 0.000
68 68 (0) 8 : 0.000 0.000 0.000 0.000 0.993 0.000 0.000 0.000 0.000 0.001 0.004 0.001
69 69 (0) 8 : 0.000 0.000 0.000 0.000 0.994 0.000 0.000 0.000 0.000 0.000 0.006 0.000
70 70 (0) 8 : 0.000 0.000 0.000 0.000 0.914 0.000 0.000 0.000 0.000 0.000 0.085 0.000
71 71 (0) 8 : 0.000 0.000 0.000 0.000 0.868 0.000 0.000 0.000 0.000 0.016 0.116 0.000
72 72 (0) 8 : 0.000 0.000 0.000 0.000 0.983 0.000 0.001 0.000 0.000 0.001 0.013 0.002
73 73 (0) 8 : 0.063 0.046 0.000 0.000 0.852 0.000 0.000 0.033 0.000 0.000 0.005 0.000
74 74 (0) 8 : 0.000 0.039 0.000 0.000 0.948 0.000 0.001 0.000 0.000 0.000 0.012 0.000
75 75 (0) 8 : 0.000 0.000 0.000 0.000 0.897 0.000 0.001 0.000 0.000 0.001 0.101 0.000
76 76 (0) 8 : 0.000 0.000 0.000 0.000 0.836 0.000 0.002 0.000 0.000 0.002 0.159 0.002
77 77 (0) 8 : 0.000 0.000 0.000 0.000 0.949 0.000 0.000 0.000 0.000 0.001 0.049 0.000
78 78 (0) 9 : 0.000 0.000 0.180 0.000 0.001 0.000 0.000 0.000 0.000 0.093 0.726 0.001
79 79 (0) 9 : 0.000 0.000 0.089 0.000 0.001 0.000 0.000 0.000 0.000 0.069 0.839 0.001
80 80 (0) 9 : 0.000 0.000 0.115 0.000 0.000 0.000 0.000 0.000 0.000 0.056 0.829 0.000
81 81 (0) 9 : 0.000 0.000 0.278 0.000 0.000 0.000 0.000 0.000 0.000 0.037 0.684 0.000
82 82 (0) 9 : 0.000 0.000 0.172 0.006 0.023 0.000 0.000 0.000 0.000 0.079 0.719 0.000
83 83 (0) 9 : 0.000 0.000 0.083 0.000 0.044 0.000 0.000 0.000 0.000 0.098 0.773 0.001
84 84 (0) 9 : 0.000 0.000 0.116 0.000 0.002 0.000 0.000 0.000 0.000 0.001 0.836 0.043
85 85 (0) 9 : 0.000 0.000 0.053 0.000 0.001 0.000 0.000 0.000 0.015 0.092 0.837 0.001
86 86 (0) 9 : 0.056 0.000 0.135 0.001 0.002 0.004 0.000 0.094 0.000 0.007 0.699 0.001
87 87 (0) 9 : 0.000 0.000 0.077 0.000 0.000 0.000 0.000 0.000 0.000 0.140 0.781 0.000
88 88 (0) 9 : 0.000 0.000 0.073 0.000 0.001 0.000 0.000 0.000 0.000 0.094 0.830 0.000
89 89 (0) 9 : 0.000 0.000 0.335 0.000 0.000 0.000 0.000 0.000 0.000 0.012 0.652 0.000
90 90 (0) 9 : 0.000 0.000 0.190 0.000 0.000 0.000 0.000 0.000 0.000 0.014 0.794 0.000
91 91 (0) 10 : 0.000 0.000 0.000 0.000 0.001 0.000 0.108 0.000 0.022 0.001 0.007 0.859
92 92 (0) 10 : 0.000 0.000 0.000 0.000 0.004 0.000 0.005 0.000 0.001 0.001 0.077 0.911
93 93 (0) 10 : 0.000 0.000 0.000 0.000 0.000 0.000 0.001 0.000 0.000 0.001 0.001 0.996
94 94 (0) 10 : 0.000 0.000 0.000 0.000 0.000 0.000 0.003 0.000 0.000 0.002 0.000 0.995
95 95 (0) 10 : 0.000 0.000 0.000 0.000 0.000 0.000 0.000 0.000 0.001 0.000 0.002 0.997
96 96 (0) 10 : 0.000 0.000 0.000 0.000 0.002 0.000 0.000 0.000 0.011 0.002 0.007 0.977
97 97 (0) 10 : 0.000 0.000 0.000 0.000 0.000 0.000 0.083 0.000 0.031 0.001 0.084 0.800
98 98 (0) 10 : 0.000 0.000 0.000 0.000 0.000 0.000 0.000 0.000 0.000 0.003 0.001 0.995
99 99 (0) 10 : 0.000 0.239 0.000 0.000 0.000 0.000 0.001 0.000 0.000 0.000 0.000 0.760
100 100 (0) 10 : 0.000 0.000 0.000 0.000 0.001 0.000 0.000 0.000 0.000 0.001 0.016 0.982
101 101 (0) 10 : 0.000 0.227 0.000 0.000 0.000 0.000 0.000 0.000 0.001 0.000 0.000 0.771
102 102 (0) 10 : 0.000 0.000 0.000 0.001 0.005 0.000 0.001 0.000 0.001 0.001 0.003 0.988
103 103 (0) 10 : 0.000 0.000 0.000 0.000 0.000 0.000 0.005 0.000 0.000 0.000 0.001 0.993
1 1 (0) 1 : 0.000 0.000 0.002 0.000 0.000 0.000 0.741 0.252 0.000 0.002 0.002 0.001
2 2 (0) 1 : 0.000 0.000 0.000 0.000 0.000 0.000 0.440 0.559 0.000 0.000 0.000 0.000
3 3 (0) 1 : 0.000 0.002 0.000 0.000 0.000 0.000 0.859 0.066 0.000 0.007 0.006 0.060
4 4 (0) 1 : 0.000 0.000 0.000 0.001 0.000 0.000 0.698 0.297 0.000 0.000 0.000 0.003
5 5 (0) 1 : 0.000 0.000 0.000 0.000 0.000 0.000 0.073 0.926 0.000 0.000 0.000 0.000
6 6 (0) 1 : 0.000 0.000 0.000 0.000 0.000 0.000 0.365 0.000 0.000 0.634 0.000 0.000
7 7 (0) 1 : 0.000 0.000 0.001 0.000 0.000 0.000 0.620 0.000 0.000 0.377 0.000 0.001
8 8 (0) 1 : 0.000 0.000 0.002 0.003 0.025 0.001 0.719 0.218 0.000 0.029 0.000 0.003
9 9 (0) 1 : 0.000 0.000 0.000 0.000 0.000 0.000 0.587 0.243 0.000 0.168 0.000 0.001
10 10 (0) 1 : 0.000 0.000 0.000 0.000 0.780 0.000 0.118 0.000 0.000 0.101 0.000 0.000
11 11 (0) 1 : 0.000 0.030 0.011 0.000 0.000 0.000 0.889 0.000 0.000 0.005 0.000 0.063
12 12 (0) 1 : 0.000 0.000 0.000 0.000 0.449 0.000 0.362 0.186 0.000 0.001 0.000 0.001
13 13 (0) 2 : 0.000 0.000 0.000 0.000 0.000 0.000 0.000 0.000 1.000 0.000 0.000 0.000
14 14 (0) 2 : 0.000 0.000 0.000 0.000 0.000 0.000 0.000 0.000 1.000 0.000 0.000 0.000
15 15 (0) 2 : 0.000 0.000 0.000 0.000 0.000 0.000 0.000 0.000 1.000 0.000 0.000 0.000
16 16 (0) 3 : 0.000 0.086 0.056 0.000 0.000 0.854 0.003 0.000 0.000 0.000 0.000 0.000
17 17 (0) 3 : 0.000 0.000 0.000 0.000 0.000 0.998 0.001 0.000 0.000 0.000 0.000 0.000
18 18 (0) 3 : 0.000 0.079 0.001 0.000 0.000 0.906 0.013 0.000 0.000 0.000 0.000 0.001
19 19 (0) 3 : 0.000 0.000 0.000 0.000 0.345 0.567 0.000 0.082 0.001 0.004 0.000 0.000
20 20 (0) 3 : 0.000 0.000 0.000 0.000 0.632 0.368 0.000 0.000 0.000 0.000 0.000 0.000
21 21 (0) 3 : 0.000 0.023 0.001 0.000 0.000 0.861 0.113 0.000 0.000 0.000 0.000 0.002
22 22 (0) 3 : 0.000 0.000 0.000 0.000 0.306 0.692 0.000 0.002 0.000 0.000 0.000 0.000
23 23 (0) 3 : 0.000 0.094 0.005 0.000 0.000 0.749 0.151 0.000 0.000 0.000 0.000 0.000
24 24 (0) 3 : 0.000 0.075 0.006 0.000 0.000 0.847 0.069 0.000 0.000 0.000 0.000 0.004
25 25 (0) 3 : 0.000 0.009 0.002 0.000 0.095 0.889 0.004 0.001 0.000 0.000 0.000 0.000
26 26 (0) 3 : 0.000 0.000 0.001 0.000 0.000 0.993 0.004 0.000 0.000 0.000 0.000 0.002
27 27 (0) 3 : 0.000 0.000 0.000 0.000 0.000 0.996 0.002 0.000 0.000 0.000 0.000 0.000
28 28 (0) 4 : 0.000 0.000 0.000 0.307 0.000 0.000 0.692 0.000 0.000 0.000 0.000 0.001
29 29 (0) 4 : 0.000 0.000 0.000 0.266 0.000 0.000 0.733 0.000 0.000 0.000 0.000 0.000
30 30 (0) 4 : 0.000 0.000 0.000 0.282 0.000 0.000 0.717 0.000 0.000 0.000 0.000 0.001
31 31 (0) 4 : 0.000 0.000 0.000 0.335 0.000 0.000 0.664 0.000 0.000 0.000 0.000 0.000
32 32 (0) 4 : 0.000 0.000 0.000 0.416 0.000 0.000 0.582 0.000 0.000 0.000 0.000 0.001
33 33 (0) 4 : 0.000 0.000 0.000 0.294 0.000 0.000 0.705 0.000 0.000 0.000 0.000 0.001
34 34 (0) 4 : 0.000 0.000 0.000 0.302 0.000 0.000 0.697 0.000 0.000 0.000 0.000 0.000
35 35 (0) 5 : 0.000 0.000 0.000 0.000 0.000 0.000 0.002 0.000 0.000 0.000 0.000 0.998
36 36 (0) 5 : 0.000 0.000 0.000 0.000 0.000 0.000 0.003 0.000 0.000 0.000 0.000 0.996
37 37 (0) 5 : 0.000 0.000 0.000 0.000 0.000 0.000 0.001 0.000 0.000 0.000 0.000 0.998
38 38 (0) 5 : 0.000 0.000 0.000 0.000 0.000 0.000 0.001 0.000 0.000 0.000 0.000 0.998
39 39 (0) 5 : 0.000 0.000 0.000 0.000 0.000 0.000 0.000 0.000 0.000 0.000 0.000 0.999
40 40 (0) 5 : 0.000 0.000 0.000 0.000 0.193 0.000 0.000 0.176 0.000 0.000 0.000 0.631
41 41 (0) 5 : 0.000 0.000 0.000 0.000 0.000 0.000 0.001 0.000 0.000 0.000 0.000 0.998
42 42 (0) 5 : 0.000 0.000 0.000 0.000 0.076 0.000 0.000 0.000 0.000 0.000 0.022 0.901
43 43 (0) 5 : 0.000 0.000 0.000 0.000 0.000 0.000 0.045 0.000 0.000 0.000 0.000 0.954
44 44 (0) 5 : 0.000 0.000 0.000 0.000 0.000 0.000 0.000 0.000 0.000 0.000 0.000 0.999
45 45 (0) 5 : 0.000 0.000 0.000 0.001 0.000 0.000 0.003 0.000 0.000 0.000 0.000 0.996
46 46 (0) 5 : 0.000 0.000 0.000 0.000 0.000 0.000 0.000 0.000 0.000 0.000 0.000 0.999
47 47 (0) 5 : 0.000 0.000 0.000 0.000 0.000 0.000 0.001 0.000 0.000 0.000 0.000 0.999
48 48 (0) 6 : 0.002 0.010 0.003 0.000 0.000 0.004 0.981 0.000 0.000 0.000 0.000 0.000
49 49 (0) 6 : 0.001 0.000 0.000 0.022 0.000 0.000 0.975 0.000 0.000 0.000 0.000 0.002
50 50 (0) 6 : 0.000 0.028 0.008 0.006 0.000 0.000 0.954 0.000 0.000 0.000 0.000 0.003
51 51 (0) 6 : 0.008 0.000 0.000 0.000 0.000 0.000 0.990 0.000 0.000 0.000 0.000 0.001
52 52 (0) 6 : 0.000 0.004 0.001 0.000 0.000 0.000 0.994 0.000 0.000 0.000 0.000 0.000
53 53 (0) 6 : 0.000 0.000 0.001 0.013 0.000 0.009 0.976 0.000 0.000 0.000 0.000 0.000
54 54 (0) 6 : 0.000 0.000 0.002 0.001 0.000 0.000 0.995 0.000 0.000 0.000 0.000 0.002
55 55 (0) 6 : 0.000 0.000 0.004 0.027 0.000 0.000 0.968 0.000 0.000 0.000 0.000 0.000
56 56 (0) 6 : 0.000 0.000 0.118 0.000 0.000 0.000 0.875 0.000 0.000 0.005 0.000 0.002
57 57 (0) 6 : 0.000 0.000 0.000 0.000 0.000 0.000 0.997 0.000 0.000 0.000 0.000 0.002
58 58 (0) 6 : 0.787 0.098 0.002 0.000 0.000 0.001 0.109 0.000 0.000 0.000 0.000 0.001
59 59 (0) 7 : 0.992 0.002 0.000 0.000 0.000 0.001 0.003 0.000 0.000 0.000 0.000 0.001
60 60 (0) 7 : 0.991 0.001 0.000 0.000 0.000 0.002 0.005 0.000 0.000 0.000 0.000 0.000
61 61 (0) 7 : 0.979 0.006 0.001 0.000 0.000 0.000 0.013 0.000 0.000 0.000 0.000 0.001
62 62 (0) 7 : 0.979 0.019 0.000 0.000 0.000 0.000 0.000 0.000 0.000 0.000 0.000 0.000
63 63 (0) 7 : 0.976 0.002 0.001 0.000 0.000 0.000 0.008 0.000 0.000 0.000 0.000 0.012
64 64 (0) 7 : 0.994 0.000 0.002 0.000 0.000 0.001 0.002 0.000 0.000 0.000 0.000 0.001
65 65 (0) 7 : 0.950 0.005 0.000 0.000 0.000 0.000 0.044 0.000 0.000 0.000 0.000 0.000
66 66 (0) 8 : 0.000 0.000 0.814 0.000 0.000 0.004 0.166 0.000 0.000 0.000 0.000 0.015
67 67 (0) 8 : 0.000 0.000 0.995 0.000 0.000 0.000 0.003 0.000 0.000 0.000 0.000 0.001
68 68 (0) 8 : 0.000 0.001 0.995 0.000 0.000 0.001 0.002 0.000 0.000 0.000 0.000 0.000
69 69 (0) 8 : 0.000 0.000 0.993 0.000 0.000 0.000 0.006 0.000 0.000 0.000 0.000 0.000
70 70 (0) 8 : 0.000 0.000 0.907 0.000 0.000 0.000 0.093 0.000 0.000 0.000 0.000 0.000
71 71 (0) 8 : 0.000 0.000 0.860 0.000 0.000 0.000 0.131 0.000 0.000 0.000 0.000 0.009
72 72 (0) 8 : 0.000 0.001 0.977 0.000 0.000 0.001 0.019 0.000 0.000 0.000 0.000 0.001
73 73 (0) 8 : 0.000 0.000 0.839 0.000 0.054 0.000 0.006 0.099 0.000 0.000 0.000 0.000
74 74 (0) 8 : 0.000 0.000 0.938 0.000 0.041 0.002 0.018 0.000 0.000 0.000 0.000 0.000
75 75 (0) 8 : 0.000 0.000 0.893 0.000 0.000 0.001 0.104 0.000 0.000 0.000 0.000 0.000
76 76 (0) 8 : 0.000 0.002 0.834 0.000 0.000 0.002 0.160 0.000 0.000 0.000 0.000 0.002
77 77 (0) 8 : 0.000 0.000 0.945 0.000 0.000 0.000 0.053 0.000 0.000 0.000 0.000 0.001
78 78 (0) 9 : 0.000 0.000 0.001 0.000 0.000 0.000 0.738 0.000 0.000 0.000 0.185 0.076
79 79 (0) 9 : 0.000 0.001 0.000 0.000 0.000 0.000 0.840 0.000 0.000 0.000 0.088 0.070
80 80 (0) 9 : 0.000 0.000 0.000 0.000 0.000 0.000 0.833 0.000 0.000 0.000 0.116 0.050
81 81 (0) 9 : 0.000 0.000 0.000 0.000 0.000 0.000 0.705 0.000 0.000 0.000 0.282 0.012
82 82 (0) 9 : 0.000 0.000 0.014 0.006 0.000 0.000 0.728 0.000 0.000 0.000 0.178 0.074
83 83 (0) 9 : 0.000 0.001 0.026 0.000 0.000 0.000 0.790 0.000 0.000 0.000 0.085 0.098
84 84 (0) 9 : 0.000 0.030 0.001 0.000 0.000 0.000 0.843 0.000 0.000 0.000 0.122 0.003
85 85 (0) 9 : 0.009 0.001 0.001 0.000 0.000 0.001 0.848 0.000 0.000 0.000 0.055 0.085
86 86 (0) 9 : 0.000 0.001 0.000 0.002 0.007 0.000 0.695 0.092 0.006 0.001 0.195 0.002
87 87 (0) 9 : 0.000 0.000 0.000 0.000 0.000 0.000 0.789 0.000 0.000 0.000 0.080 0.130
88 88 (0) 9 : 0.000 0.000 0.001 0.000 0.000 0.000 0.838 0.000 0.000 0.000 0.072 0.088
89 89 (0) 9 : 0.000 0.000 0.000 0.000 0.000 0.000 0.657 0.000 0.000 0.093 0.222 0.027
90 90 (0) 9 : 0.000 0.000 0.000 0.000 0.000 0.000 0.805 0.000 0.000 0.000 0.190 0.004
91 91 (0) 10 : 0.027 0.857 0.002 0.000 0.000 0.100 0.013 0.000 0.000 0.000 0.000 0.001
92 92 (0) 10 : 0.001 0.916 0.025 0.000 0.000 0.005 0.051 0.000 0.000 0.000 0.000 0.000
93 93 (0) 10 : 0.000 0.995 0.000 0.000 0.000 0.000 0.002 0.000 0.000 0.000 0.000 0.002
94 94 (0) 10 : 0.000 0.994 0.000 0.000 0.000 0.002 0.001 0.000 0.000 0.000 0.000 0.003
95 95 (0) 10 : 0.001 0.995 0.000 0.000 0.000 0.000 0.004 0.000 0.000 0.000 0.000 0.000
96 96 (0) 10 : 0.010 0.972 0.002 0.000 0.000 0.001 0.012 0.000 0.000 0.000 0.000 0.004
97 97 (0) 10 : 0.030 0.802 0.001 0.000 0.000 0.082 0.084 0.000 0.000 0.000 0.000 0.001
98 98 (0) 10 : 0.000 0.994 0.001 0.000 0.000 0.000 0.001 0.000 0.000 0.000 0.000 0.004
99 99 (0) 10 : 0.000 0.770 0.000 0.001 0.163 0.000 0.000 0.065 0.000 0.000 0.000 0.000
100 100 (0) 10 : 0.001 0.968 0.000 0.000 0.000 0.000 0.029 0.000 0.000 0.000 0.000 0.001
101 101 (0) 10 : 0.001 0.781 0.000 0.000 0.162 0.000 0.000 0.056 0.000 0.000 0.000 0.000
102 102 (0) 10 : 0.001 0.985 0.006 0.001 0.000 0.001 0.005 0.000 0.000 0.000 0.000 0.001
103 103 (0) 10 : 0.000 0.993 0.000 0.000 0.000 0.005 0.001 0.000 0.000 0.000 0.000 0.000
1 1 (0) 1 : 0.004 0.001 0.000 0.753 0.000 0.000 0.000 0.000 0.000 0.000 0.001 0.240
2 2 (0) 1 : 0.000 0.000 0.000 0.440 0.000 0.000 0.000 0.000 0.000 0.000 0.001 0.559
3 3 (0) 1 : 0.010 0.000 0.000 0.863 0.001 0.000 0.000 0.001 0.000 0.000 0.073 0.051
4 4 (0) 1 : 0.000 0.000 0.000 0.706 0.006 0.000 0.000 0.000 0.000 0.000 0.005 0.282
5 5 (0) 1 : 0.056 0.000 0.000 0.051 0.000 0.000 0.000 0.000 0.000 0.000 0.000 0.892
6 6 (0) 1 : 0.627 0.000 0.000 0.372 0.000 0.000 0.000 0.000 0.000 0.000 0.001 0.000
7 7 (0) 1 : 0.361 0.003 0.000 0.634 0.000 0.000 0.000 0.000 0.000 0.000 0.001 0.000
8 8 (0) 1 : 0.005 0.002 0.018 0.730 0.002 0.000 0.000 0.000 0.000 0.002 0.004 0.235
9 9 (0) 1 : 0.175 0.000 0.003 0.591 0.000 0.000 0.000 0.000 0.000 0.000 0.001 0.229
10 10 (0) 1 : 0.013 0.000 0.558 0.095 0.000 0.333 0.000 0.000 0.000 0.000 0.000 0.000
11 11 (0) 1 : 0.000 0.005 0.000 0.906 0.001 0.000 0.000 0.017 0.000 0.000 0.070 0.000
12 12 (0) 1 : 0.027 0.000 0.168 0.327 0.001 0.176 0.000 0.000 0.000 0.000 0.001 0.298
13 13 (0) 2 : 0.000 0.000 0.000 0.000 0.000 0.000 0.000 0.000 1.000 0.000 0.000 0.000
14 14 (0) 2 : 0.000 0.000 0.000 0.000 0.000 0.000 0.000 0.000 1.000 0.000 0.000 0.000
15 15 (0) 2 : 0.000 0.000 0.000 0.000 0.000 0.000 0.000 0.000 1.000 0.000 0.000 0.000
16 16 (0) 3 : 0.000 0.048 0.000 0.001 0.000 0.000 0.000 0.082 0.000 0.867 0.001 0.000
17 17 (0) 3 : 0.000 0.000 0.000 0.000 0.000 0.000 0.000 0.000 0.000 0.998 0.000 0.000
18 18 (0) 3 : 0.000 0.002 0.000 0.003 0.000 0.021 0.000 0.084 0.000 0.889 0.001 0.000
19 19 (0) 3 : 0.020 0.000 0.276 0.000 0.000 0.026 0.000 0.000 0.006 0.529 0.000 0.142
20 20 (0) 3 : 0.000 0.000 0.000 0.000 0.000 0.788 0.000 0.000 0.000 0.212 0.000 0.000
21 21 (0) 3 : 0.000 0.002 0.000 0.073 0.000 0.000 0.000 0.024 0.000 0.884 0.016 0.000
22 22 (0) 3 : 0.000 0.000 0.056 0.000 0.000 0.191 0.000 0.000 0.000 0.657 0.000 0.095
23 23 (0) 3 : 0.000 0.007 0.000 0.115 0.000 0.000 0.000 0.102 0.000 0.776 0.000 0.000
24 24 (0) 3 : 0.000 0.005 0.000 0.027 0.000 0.000 0.000 0.086 0.000 0.866 0.015 0.000
25 25 (0) 3 : 0.000 0.001 0.026 0.001 0.000 0.047 0.000 0.005 0.000 0.890 0.000 0.029
26 26 (0) 3 : 0.000 0.001 0.000 0.001 0.000 0.000 0.000 0.000 0.000 0.997 0.001 0.000
27 27 (0) 3 : 0.000 0.000 0.000 0.001 0.000 0.000 0.000 0.000 0.000 0.998 0.000 0.000
28 28 (0) 4 : 0.000 0.000 0.000 0.582 0.416 0.000 0.000 0.000 0.000 0.000 0.002 0.000
29 29 (0) 4 : 0.000 0.000 0.000 0.599 0.400 0.000 0.000 0.000 0.000 0.000 0.000 0.000
30 30 (0) 4 : 0.000 0.000 0.000 0.569 0.430 0.000 0.000 0.000 0.000 0.000 0.001 0.000
31 31 (0) 4 : 0.000 0.001 0.000 0.606 0.350 0.000 0.000 0.001 0.000 0.000 0.001 0.042
32 32 (0) 4 : 0.000 0.000 0.000 0.481 0.516 0.000 0.000 0.000 0.000 0.000 0.002 0.000
33 33 (0) 4 : 0.000 0.000 0.000 0.572 0.427 0.000 0.000 0.000 0.000 0.000 0.001 0.000
34 34 (0) 4 : 0.000 0.000 0.000 0.541 0.458 0.000 0.000 0.000 0.000 0.000 0.000 0.000
35 35 (0) 5 : 0.000 0.000 0.000 0.001 0.001 0.000 0.000 0.000 0.000 0.000 0.998 0.000
36 36 (0) 5 : 0.000 0.000 0.000 0.002 0.001 0.000 0.000 0.000 0.000 0.000 0.997 0.000
37 37 (0) 5 : 0.000 0.000 0.000 0.001 0.000 0.000 0.000 0.000 0.000 0.000 0.998 0.000
38 38 (0) 5 : 0.000 0.000 0.000 0.001 0.000 0.000 0.000 0.000 0.000 0.000 0.998 0.000
39 39 (0) 5 : 0.000 0.000 0.000 0.000 0.000 0.000 0.000 0.000 0.000 0.000 0.999 0.000
40 40 (0) 5 : 0.000 0.000 0.074 0.000 0.000 0.054 0.000 0.000 0.000 0.000 0.613 0.259
41 41 (0) 5 : 0.000 0.000 0.000 0.001 0.000 0.000 0.000 0.000 0.000 0.000 0.998 0.000
42 42 (0) 5 : 0.000 0.000 0.056 0.000 0.000 0.000 0.000 0.000 0.000 0.000 0.910 0.034
43 43 (0) 5 : 0.000 0.000 0.000 0.039 0.000 0.000 0.000 0.000 0.000 0.000 0.960 0.000
44 44 (0) 5 : 0.000 0.000 0.000 0.000 0.000 0.000 0.000 0.000 0.000 0.000 0.999 0.000
45 45 (0) 5 : 0.000 0.000 0.000 0.001 0.003 0.000 0.000 0.000 0.000 0.000 0.995 0.000
46 46 (0) 5 : 0.000 0.000 0.000 0.000 0.000 0.000 0.000 0.000 0.000 0.000 0.999 0.000
47 47 (0) 5 : 0.000 0.000 0.000 0.000 0.000 0.000 0.000 0.000 0.000 0.000 0.999 0.000
48 48 (0) 6 : 0.000 0.004 0.000 0.983 0.003 0.000 0.002 0.004 0.000 0.004 0.000 0.000
49 49 (0) 6 : 0.000 0.000 0.000 0.950 0.047 0.000 0.000 0.000 0.000 0.000 0.002 0.000
50 50 (0) 6 : 0.000 0.015 0.000 0.932 0.028 0.000 0.000 0.018 0.000 0.000 0.007 0.000
51 51 (0) 6 : 0.000 0.000 0.000 0.987 0.005 0.000 0.005 0.001 0.000 0.000 0.001 0.000
52 52 (0) 6 : 0.000 0.001 0.000 0.996 0.001 0.000 0.000 0.002 0.000 0.000 0.000 0.000
53 53 (0) 6 : 0.000 0.002 0.000 0.961 0.033 0.000 0.000 0.000 0.000 0.004 0.000 0.000
54 54 (0) 6 : 0.000 0.002 0.000 0.992 0.002 0.000 0.000 0.000 0.000 0.000 0.004 0.000
55 55 (0) 6 : 0.000 0.003 0.000 0.934 0.062 0.000 0.000 0.000 0.000 0.000 0.001 0.000
56 56 (0) 6 : 0.001 0.131 0.000 0.862 0.002 0.000 0.000 0.000 0.000 0.000 0.004 0.000
57 57 (0) 6 : 0.000 0.000 0.000 0.996 0.001 0.000 0.000 0.000 0.000 0.000 0.003 0.000
58 58 (0) 6 : 0.000 0.014 0.000 0.051 0.000 0.000 0.805 0.117 0.000 0.003 0.010 0.000
59 59 (0) 7 : 0.000 0.000 0.000 0.001 0.000 0.000 0.995 0.001 0.000 0.002 0.001 0.000
60 60 (0) 7 : 0.000 0.000 0.000 0.001 0.000 0.000 0.995 0.002 0.000 0.001 0.000 0.000
61 61 (0) 7 : 0.000 0.001 0.000 0.004 0.000 0.000 0.988 0.006 0.000 0.000 0.000 0.000
62 62 (0) 7 : 0.000 0.000 0.000 0.000 0.000 0.000 0.981 0.017 0.000 0.000 0.000 0.000
63 63 (0) 7 : 0.000 0.000 0.000 0.001 0.000 0.000 0.982 0.001 0.000 0.000 0.014 0.000
64 64 (0) 7 : 0.000 0.001 0.000 0.002 0.000 0.000 0.996 0.000 0.000 0.001 0.000 0.000
65 65 (0) 7 : 0.000 0.001 0.000 0.013 0.000 0.000 0.977 0.008 0.000 0.000 0.000 0.000
66 66 (0) 8 : 0.000 0.844 0.000 0.112 0.000 0.000 0.000 0.000 0.000 0.004 0.038 0.000
67 67 (0) 8 : 0.000 0.997 0.000 0.002 0.000 0.000 0.000 0.000 0.000 0.000 0.001 0.000
68 68 (0) 8 : 0.000 0.996 0.000 0.001 0.000 0.000 0.000 0.001 0.000 0.000 0.000 0.000
69 69 (0) 8 : 0.000 0.998 0.000 0.001 0.000 0.000 0.000 0.000 0.000 0.000 0.000 0.000
70 70 (0) 8 : 0.000 0.949 0.000 0.050 0.000 0.000 0.000 0.000 0.000 0.000 0.000 0.000
71 71 (0) 8 : 0.000 0.883 0.000 0.098 0.001 0.000 0.000 0.000 0.000 0.000 0.018 0.000
72 72 (0) 8 : 0.000 0.990 0.000 0.007 0.000 0.000 0.000 0.001 0.000 0.001 0.001 0.000
73 73 (0) 8 : 0.000 0.842 0.026 0.002 0.000 0.001 0.000 0.000 0.000 0.000 0.000 0.128
74 74 (0) 8 : 0.000 0.959 0.030 0.003 0.000 0.000 0.000 0.000 0.000 0.004 0.000 0.004
75 75 (0) 8 : 0.000 0.919 0.000 0.077 0.000 0.000 0.000 0.000 0.000 0.002 0.002 0.000
76 76 (0) 8 : 0.000 0.860 0.000 0.130 0.000 0.000 0.000 0.001 0.000 0.001 0.007 0.000
77 77 (0) 8 : 0.000 0.968 0.000 0.028 0.000 0.000 0.000 0.000 0.000 0.001 0.002 0.000
78 78 (0) 9 : 0.000 0.001 0.000 0.759 0.000 0.015 0.000 0.124 0.000 0.000 0.101 0.000
79 79 (0) 9 : 0.000 0.001 0.000 0.915 0.001 0.000 0.000 0.002 0.000 0.000 0.081 0.000
80 80 (0) 9 : 0.000 0.000 0.000 0.928 0.000 0.000 0.000 0.000 0.000 0.000 0.071 0.000
81 81 (0) 9 : 0.000 0.000 0.039 0.830 0.000 0.012 0.000 0.001 0.000 0.001 0.074 0.043
82 82 (0) 9 : 0.048 0.047 0.000 0.756 0.065 0.000 0.000 0.000 0.000 0.001 0.083 0.000
83 83 (0) 9 : 0.000 0.016 0.000 0.869 0.000 0.000 0.001 0.006 0.000 0.000 0.107 0.000
84 84 (0) 9 : 0.000 0.001 0.000 0.889 0.000 0.000 0.000 0.107 0.000 0.000 0.002 0.000
85 85 (0) 9 : 0.000 0.001 0.000 0.883 0.000 0.000 0.015 0.000 0.000 0.001 0.100 0.000
86 86 (0) 9 : 0.024 0.000 0.011 0.783 0.000 0.025 0.000 0.002 0.011 0.000 0.039 0.103
87 87 (0) 9 : 0.000 0.001 0.000 0.843 0.000 0.000 0.000 0.001 0.000 0.000 0.155 0.000
88 88 (0) 9 : 0.000 0.002 0.000 0.904 0.001 0.000 0.000 0.000 0.000 0.000 0.093 0.000
89 89 (0) 9 : 0.144 0.000 0.000 0.728 0.001 0.000 0.000 0.000 0.033 0.000 0.094 0.000
90 90 (0) 9 : 0.021 0.000 0.021 0.887 0.000 0.001 0.000 0.000 0.000 0.000 0.054 0.015
91 91 (0) 10 : 0.000 0.001 0.000 0.002 0.000 0.000 0.025 0.864 0.000 0.107 0.001 0.000
92 92 (0) 10 : 0.000 0.045 0.000 0.020 0.000 0.000 0.002 0.926 0.000 0.006 0.001 0.000
93 93 (0) 10 : 0.000 0.000 0.000 0.000 0.000 0.000 0.000 0.997 0.000 0.001 0.001 0.000
94 94 (0) 10 : 0.000 0.000 0.000 0.000 0.000 0.000 0.000 0.995 0.000 0.002 0.002 0.000
95 95 (0) 10 : 0.000 0.000 0.000 0.001 0.000 0.000 0.001 0.998 0.000 0.000 0.000 0.000
96 96 (0) 10 : 0.000 0.002 0.000 0.002 0.000 0.000 0.011 0.981 0.000 0.001 0.003 0.000
97 97 (0) 10 : 0.000 0.000 0.000 0.069 0.000 0.000 0.036 0.802 0.000 0.089 0.003 0.000
98 98 (0) 10 : 0.000 0.000 0.000 0.001 0.000 0.000 0.000 0.994 0.000 0.000 0.004 0.000
99 99 (0) 10 : 0.000 0.000 0.124 0.000 0.000 0.026 0.000 0.760 0.000 0.000 0.000 0.088
100 100 (0) 10 : 0.000 0.001 0.000 0.013 0.000 0.000 0.001 0.984 0.000 0.000 0.001 0.000
101 101 (0) 10 : 0.000 0.000 0.134 0.000 0.000 0.000 0.001 0.771 0.000 0.000 0.000 0.093
102 102 (0) 10 : 0.000 0.008 0.000 0.001 0.003 0.000 0.001 0.985 0.000 0.001 0.001 0.000
103 103 (0) 10 : 0.000 0.000 0.000 0.000 0.000 0.000 0.000 0.992 0.000 0.007 0.000 0.000
1 1 (0) 1 : 0.002 0.748 0.243 0.000 0.000 0.003 0.000 0.000 0.001 0.000 0.002 0.000
2 2 (0) 1 : 0.000 0.453 0.546 0.000 0.000 0.000 0.000 0.000 0.001 0.000 0.000 0.000
3 3 (0) 1 : 0.000 0.863 0.064 0.003 0.000 0.007 0.000 0.000 0.061 0.000 0.002 0.000
4 4 (0) 1 : 0.000 0.708 0.287 0.000 0.000 0.000 0.000 0.000 0.002 0.000 0.000 0.001
5 5 (0) 1 : 0.000 0.096 0.904 0.000 0.000 0.000 0.000 0.000 0.000 0.000 0.000 0.000
6 6 (0) 1 : 0.000 0.384 0.000 0.000 0.000 0.615 0.000 0.000 0.000 0.000 0.000 0.000
7 7 (0) 1 : 0.001 0.630 0.000 0.000 0.000 0.366 0.000 0.000 0.001 0.000 0.000 0.000
8 8 (0) 1 : 0.002 0.726 0.214 0.000 0.023 0.028 0.000 0.001 0.003 0.000 0.000 0.003
9 9 (0) 1 : 0.000 0.600 0.241 0.000 0.000 0.158 0.000 0.000 0.001 0.000 0.000 0.000
10 10 (0) 1 : 0.000 0.108 0.071 0.000 0.726 0.093 0.000 0.000 0.000 0.000 0.000 0.000
11 11 (0) 1 : 0.010 0.894 0.000 0.025 0.000 0.006 0.000 0.000 0.063 0.000 0.000 0.000
12 12 (0) 1 : 0.000 0.367 0.185 0.000 0.443 0.003 0.000 0.000 0.001 0.000 0.000 0.000
13 13 (0) 2 : 0.000 0.000 0.000 0.000 0.000 0.000 1.000 0.000 0.000 0.000 0.000 0.000
14 14 (0) 2 : 0.000 0.000 0.000 0.000 0.000 0.000 1.000 0.000 0.000 0.000 0.000 0.000
15 15 (0) 2 : 0.000 0.000 0.000 0.000 0.000 0.000 1.000 0.000 0.000 0.000 0.000 0.000
16 16 (0) 3 : 0.057 0.003 0.000 0.086 0.000 0.000 0.000 0.853 0.001 0.000 0.000 0.000
17 17 (0) 3 : 0.000 0.001 0.000 0.000 0.000 0.000 0.000 0.998 0.000 0.000 0.000 0.000
18 18 (0) 3 : 0.001 0.014 0.000 0.076 0.000 0.000 0.000 0.908 0.001 0.000 0.000 0.000
19 19 (0) 3 : 0.000 0.000 0.085 0.000 0.344 0.002 0.001 0.568 0.000 0.000 0.000 0.000
20 20 (0) 3 : 0.000 0.000 0.000 0.000 0.635 0.000 0.000 0.365 0.000 0.000 0.000 0.000
21 21 (0) 3 : 0.001 0.110 0.000 0.018 0.000 0.000 0.000 0.865 0.005 0.000 0.000 0.000
22 22 (0) 3 : 0.000 0.000 0.001 0.000 0.308 0.000 0.000 0.691 0.000 0.000 0.000 0.000
23 23 (0) 3 : 0.005 0.149 0.000 0.095 0.000 0.000 0.000 0.750 0.000 0.000 0.000 0.000
24 24 (0) 3 : 0.003 0.072 0.000 0.077 0.000 0.000 0.000 0.845 0.003 0.000 0.000 0.000
25 25 (0) 3 : 0.001 0.003 0.004 0.011 0.094 0.000 0.000 0.885 0.000 0.000 0.000 0.000
26 26 (0) 3 : 0.001 0.004 0.000 0.000 0.000 0.000 0.000 0.993 0.002 0.000 0.000 0.000
27 27 (0) 3 : 0.000 0.003 0.000 0.000 0.000 0.000 0.000 0.995 0.001 0.000 0.000 0.000
28 28 (0) 4 : 0.000 0.695 0.000 0.000 0.000 0.000 0.000 0.000 0.001 0.000 0.000 0.304
29 29 (0) 4 : 0.000 0.735 0.000 0.000 0.000 0.000 0.000 0.000 0.000 0.000 0.000 0.264
30 30 (0) 4 : 0.000 0.723 0.000 0.000 0.000 0.000 0.000 0.000 0.000 0.000 0.000 0.276
31 31 (0) 4 : 0.000 0.667 0.000 0.001 0.000 0.000 0.000 0.000 0.000 0.000 0.000 0.331
32 32 (0) 4 : 0.000 0.586 0.000 0.000 0.000 0.000 0.000 0.000 0.001 0.000 0.000 0.412
33 33 (0) 4 : 0.000 0.710 0.000 0.000 0.000 0.000 0.000 0.000 0.001 0.000 0.000 0.288
34 34 (0) 4 : 0.000 0.702 0.000 0.000 0.000 0.000 0.000 0.000 0.000 0.000 0.000 0.297
35 35 (0) 5 : 0.000 0.002 0.000 0.000 0.000 0.000 0.000 0.000 0.998 0.000 0.000 0.000
36 36 (0) 5 : 0.000 0.003 0.000 0.000 0.000 0.000 0.000 0.000 0.996 0.000 0.000 0.000
37 37 (0) 5 : 0.000 0.001 0.000 0.000 0.000 0.000 0.000 0.000 0.998 0.000 0.000 0.000
38 38 (0) 5 : 0.000 0.001 0.000 0.000 0.000 0.000 0.000 0.000 0.998 0.000 0.000 0.000
39 39 (0) 5 : 0.000 0.000 0.000 0.000 0.000 0.000 0.000 0.000 0.999 0.000 0.000 0.000
40 40 (0) 5 : 0.000 0.000 0.173 0.000 0.191 0.000 0.000 0.000 0.635 0.000 0.000 0.000
41 41 (0) 5 : 0.000 0.001 0.000 0.000 0.000 0.000 0.000 0.000 0.998 0.000 0.000 0.000
42 42 (0) 5 : 0.000 0.000 0.000 0.000 0.086 0.000 0.000 0.000 0.912 0.000 0.002 0.000
43 43 (0) 5 : 0.000 0.043 0.000 0.000 0.000 0.000 0.000 0.000 0.956 0.000 0.000 0.000
44 44 (0) 5 : 0.000 0.000 0.000 0.000 0.000 0.000 0.000 0.000 0.999 0.000 0.000 0.000
45 45 (0) 5 : 0.000 0.003 0.000 0.000 0.000 0.000 0.000 0.000 0.995 0.000 0.000 0.001
46 46 (0) 5 : 0.000 0.000 0.000 0.000 0.000 0.000 0.000 0.000 0.999 0.000 0.000 0.000
47 47 (0) 5 : 0.000 0.001 0.000 0.000 0.000 0.000 0.000 0.000 0.999 0.000 0.000 0.000
48 48 (0) 6 : 0.003 0.981 0.000 0.007 0.000 0.000 0.000 0.006 0.000 0.002 0.000 0.000
49 49 (0) 6 : 0.000 0.975 0.000 0.000 0.000 0.000 0.000 0.000 0.001 0.000 0.000 0.022
50 50 (0) 6 : 0.009 0.953 0.000 0.030 0.000 0.000 0.000 0.000 0.002 0.000 0.000 0.005
51 51 (0) 6 : 0.001 0.991 0.000 0.000 0.000 0.000 0.000 0.000 0.001 0.006 0.000 0.000
52 52 (0) 6 : 0.001 0.994 0.000 0.004 0.000 0.000 0.000 0.000 0.000 0.000 0.000 0.000
53 53 (0) 6 : 0.001 0.978 0.000 0.000 0.000 0.000 0.000 0.009 0.000 0.000 0.000 0.011
54 54 (0) 6 : 0.002 0.996 0.000 0.000 0.000 0.000 0.000 0.000 0.001 0.000 0.000 0.001
55 55 (0) 6 : 0.006 0.970 0.000 0.000 0.000 0.000 0.000 0.000 0.000 0.000 0.000 0.023
56 56 (0) 6 : 0.119 0.874 0.000 0.000 0.000 0.004 0.000 0.000 0.002 0.000 0.000 0.000
57 57 (0) 6 : 0.000 0.996 0.000 0.000 0.000 0.000 0.000 0.000 0.002 0.000 0.000 0.000
58 58 (0) 6 : 0.003 0.105 0.000 0.100 0.000 0.000 0.000 0.002 0.002 0.788 0.000 0.000
59 59 (0) 7 : 0.000 0.003 0.000 0.001 0.000 0.000 0.000 0.002 0.000 0.993 0.000 0.000
60 60 (0) 7 : 0.000 0.005 0.000 0.002 0.000 0.000 0.000 0.001 0.000 0.992 0.000 0.000
61 61 (0) 7 : 0.000 0.010 0.000 0.007 0.000 0.000 0.000 0.000 0.001 0.982 0.000 0.000
62 62 (0) 7 : 0.001 0.000 0.000 0.014 0.000 0.000 0.000 0.000 0.000 0.984 0.000 0.000
63 63 (0) 7 : 0.001 0.008 0.000 0.002 0.000 0.000 0.000 0.000 0.010 0.978 0.000 0.000
64 64 (0) 7 : 0.001 0.003 0.000 0.000 0.000 0.000 0.000 0.001 0.001 0.994 0.000 0.000
65 65 (0) 7 : 0.001 0.035 0.000 0.004 0.000 0.000 0.000 0.000 0.000 0.960 0.000 0.000
66 66 (0) 8 : 0.807 0.162 0.000 0.000 0.000 0.000 0.000 0.005 0.025 0.000 0.000 0.000
67 67 (0) 8 : 0.995 0.003 0.000 0.000 0.000 0.000 0.000 0.000 0.001 0.000 0.000 0.000
68 68 (0) 8 : 0.989 0.008 0.000 0.001 0.000 0.000 0.000 0.000 0.000 0.000 0.000 0.000
69 69 (0) 8 : 0.991 0.008 0.000 0.000 0.000 0.000 0.000 0.000 0.000 0.000 0.000 0.000
70 70 (0) 8 : 0.905 0.094 0.000 0.000 0.000 0.000 0.000 0.000 0.000 0.000 0.000 0.000
71 71 (0) 8 : 0.859 0.127 0.000 0.000 0.000 0.000 0.000 0.000 0.013 0.000 0.000 0.000
72 72 (0) 8 : 0.967 0.029 0.000 0.002 0.000 0.000 0.000 0.001 0.001 0.000 0.000 0.000
73 73 (0) 8 : 0.836 0.013 0.097 0.000 0.053 0.000 0.000 0.000 0.000 0.000 0.000 0.000
74 74 (0) 8 : 0.928 0.025 0.000 0.000 0.044 0.000 0.000 0.002 0.000 0.000 0.000 0.000
75 75 (0) 8 : 0.890 0.107 0.000 0.000 0.000 0.000 0.000 0.002 0.001 0.000 0.000 0.000
76 76 (0) 8 : 0.831 0.163 0.000 0.002 0.000 0.000 0.000 0.002 0.002 0.000 0.000 0.000
77 77 (0) 8 : 0.940 0.058 0.000 0.000 0.000 0.000 0.000 0.000 0.001 0.000 0.000 0.000
78 78 (0) 9 : 0.001 0.741 0.000 0.000 0.000 0.000 0.000 0.000 0.083 0.000 0.174 0.000
79 79 (0) 9 : 0.001 0.842 0.000 0.001 0.000 0.000 0.000 0.000 0.076 0.000 0.080 0.000
80 80 (0) 9 : 0.000 0.830 0.000 0.000 0.000 0.000 0.000 0.000 0.062 0.000 0.107 0.000
81 81 (0) 9 : 0.000 0.703 0.000 0.000 0.000 0.000 0.000 0.000 0.027 0.000 0.269 0.000
82 82 (0) 9 : 0.019 0.729 0.000 0.000 0.000 0.000 0.000 0.000 0.077 0.000 0.168 0.007
83 83 (0) 9 : 0.018 0.798 0.000 0.001 0.000 0.000 0.000 0.000 0.104 0.000 0.077 0.000
84 84 (0) 9 : 0.001 0.853 0.000 0.030 0.000 0.000 0.000 0.000 0.002 0.000 0.113 0.000
85 85 (0) 9 : 0.001 0.852 0.000 0.001 0.000 0.000 0.000 0.001 0.088 0.008 0.048 0.000
86 86 (0) 9 : 0.000 0.674 0.000 0.000 0.000 0.000 0.000 0.000 0.001 0.000 0.323 0.000
87 87 (0) 9 : 0.000 0.794 0.000 0.000 0.000 0.000 0.000 0.000 0.133 0.000 0.072 0.000
88 88 (0) 9 : 0.001 0.840 0.000 0.000 0.000 0.000 0.000 0.000 0.091 0.000 0.067 0.000
89 89 (0) 9 : 0.000 0.651 0.000 0.000 0.000 0.092 0.001 0.000 0.051 0.000 0.205 0.000
90 90 (0) 9 : 0.000 0.808 0.000 0.000 0.000 0.000 0.000 0.000 0.012 0.000 0.180 0.000
91 91 (0) 10 : 0.001 0.012 0.000 0.858 0.000 0.000 0.000 0.102 0.001 0.025 0.000 0.000
92 92 (0) 10 : 0.023 0.049 0.000 0.918 0.000 0.000 0.000 0.007 0.001 0.001 0.000 0.000
93 93 (0) 10 : 0.000 0.001 0.000 0.996 0.000 0.000 0.000 0.001 0.002 0.000 0.000 0.000
94 94 (0) 10 : 0.000 0.000 0.000 0.995 0.000 0.000 0.000 0.002 0.002 0.000 0.000 0.000
95 95 (0) 10 : 0.000 0.003 0.000 0.996 0.000 0.000 0.000 0.000 0.000 0.001 0.000 0.000
96 96 (0) 10 : 0.001 0.009 0.000 0.974 0.000 0.000 0.000 0.000 0.005 0.011 0.000 0.000
97 97 (0) 10 : 0.000 0.076 0.000 0.803 0.000 0.000 0.000 0.083 0.004 0.033 0.000 0.000
98 98 (0) 10 : 0.000 0.001 0.000 0.993 0.000 0.000 0.000 0.000 0.005 0.000 0.000 0.000
99 99 (0) 10 : 0.000 0.000 0.066 0.772 0.160 0.000 0.000 0.000 0.000 0.000 0.000 0.001
100 100 (0) 10 : 0.001 0.030 0.000 0.967 0.000 0.000 0.000 0.000 0.002 0.000 0.000 0.000
101 101 (0) 10 : 0.000 0.000 0.056 0.782 0.159 0.000 0.000 0.000 0.000 0.001 0.000 0.000
102 102 (0) 10 : 0.006 0.004 0.000 0.988 0.000 0.000 0.000 0.000 0.001 0.001 0.000 0.001
103 103 (0) 10 : 0.000 0.001 0.000 0.994 0.000 0.000 0.000 0.005 0.000 0.000 0.000 0.000
