1:	0.6648 0.1451 0.0004 0.0123 0.1752 0.0001 0.0021 	12
2:	0.0000 1.0000 0.0000 0.0000 0.0000 0.0000 0.0000 	3
3:	0.0145 0.0465 0.0280 0.0069 0.0604 0.8298 0.0140 	12
4:	0.9909 0.0016 0.0001 0.0011 0.0057 0.0000 0.0005 	7
5:	0.0029 0.0137 0.0000 0.9663 0.0170 0.0000 0.0002 	13
6:	0.8910 0.0000 0.0517 0.0042 0.0370 0.0007 0.0155 	11
7:	0.0016 0.0000 0.5007 0.0014 0.4955 0.0002 0.0005 	7
8:	0.0347 0.0043 0.0004 0.0072 0.0079 0.0012 0.9444 	12
9:	0.8570 0.0165 0.0145 0.0889 0.0154 0.0005 0.0073 	13
10:	0.0128 0.0133 0.9198 0.0062 0.0209 0.0164 0.0106 	13
