1 1 (0) 1 : 0.000 0.001 0.000 0.001 0.185 0.812 0.000
2 2 (0) 1 : 0.000 0.001 0.000 0.000 0.452 0.547 0.000
3 3 (0) 1 : 0.000 0.065 0.000 0.001 0.034 0.899 0.001
4 4 (0) 1 : 0.000 0.005 0.000 0.001 0.208 0.786 0.000
5 5 (0) 1 : 0.000 0.000 0.000 0.000 0.763 0.237 0.000
6 6 (0) 1 : 0.000 0.000 0.114 0.002 0.331 0.553 0.000
7 7 (0) 1 : 0.000 0.001 0.073 0.001 0.196 0.729 0.000
8 8 (0) 1 : 0.000 0.007 0.000 0.003 0.218 0.771 0.000
9 9 (0) 1 : 0.000 0.003 0.002 0.001 0.280 0.715 0.000
10 10 (0) 1 : 0.000 0.000 0.000 0.000 0.909 0.090 0.000
11 11 (0) 1 : 0.000 0.076 0.000 0.025 0.000 0.897 0.001
12 12 (0) 1 : 0.000 0.002 0.000 0.000 0.628 0.370 0.000
13 13 (0) 2 : 0.000 0.000 1.000 0.000 0.000 0.000 0.000
14 14 (0) 2 : 0.000 0.000 1.000 0.000 0.000 0.000 0.000
15 15 (0) 2 : 0.000 0.000 1.000 0.000 0.000 0.000 0.000
16 16 (0) 3 : 0.871 0.001 0.000 0.091 0.000 0.002 0.036
17 17 (0) 3 : 0.998 0.001 0.000 0.001 0.000 0.000 0.000
18 18 (0) 3 : 0.926 0.003 0.000 0.009 0.000 0.013 0.049
19 19 (0) 3 : 0.567 0.000 0.001 0.000 0.432 0.000 0.000
20 20 (0) 3 : 0.369 0.000 0.031 0.000 0.600 0.000 0.000
21 21 (0) 3 : 0.883 0.014 0.000 0.005 0.000 0.093 0.007
22 22 (0) 3 : 0.688 0.000 0.000 0.000 0.311 0.000 0.000
23 23 (0) 3 : 0.774 0.001 0.000 0.028 0.000 0.136 0.060
24 24 (0) 3 : 0.864 0.026 0.000 0.040 0.000 0.026 0.044
25 25 (0) 3 : 0.891 0.000 0.000 0.001 0.106 0.001 0.001
26 26 (0) 3 : 0.993 0.004 0.000 0.001 0.000 0.002 0.000
27 27 (0) 3 : 0.997 0.001 0.000 0.000 0.000 0.001 0.000
28 28 (0) 4 : 0.000 0.003 0.000 0.000 0.000 0.996 0.000
29 29 (0) 4 : 0.000 0.001 0.000 0.000 0.000 0.999 0.000
30 30 (0) 4 : 0.000 0.001 0.000 0.000 0.000 0.998 0.000
31 31 (0) 4 : 0.000 0.001 0.000 0.002 0.045 0.952 0.001
32 32 (0) 4 : 0.000 0.001 0.000 0.000 0.035 0.962 0.000
33 33 (0) 4 : 0.000 0.001 0.000 0.000 0.000 0.999 0.000
34 34 (0) 4 : 0.000 0.000 0.000 0.000 0.000 0.999 0.000
35 35 (0) 5 : 0.000 0.997 0.000 0.000 0.000 0.003 0.000
36 36 (0) 5 : 0.000 0.997 0.000 0.000 0.000 0.003 0.000
37 37 (0) 5 : 0.000 0.998 0.000 0.000 0.000 0.001 0.000
38 38 (0) 5 : 0.000 0.998 0.000 0.001 0.000 0.001 0.000
39 39 (0) 5 : 0.000 0.999 0.000 0.000 0.000 0.000 0.000
40 40 (0) 5 : 0.000 0.650 0.000 0.000 0.350 0.000 0.000
41 41 (0) 5 : 0.000 0.999 0.000 0.000 0.000 0.001 0.000
42 42 (0) 5 : 0.000 0.908 0.000 0.000 0.091 0.000 0.000
43 43 (0) 5 : 0.000 0.967 0.000 0.001 0.000 0.032 0.000
44 44 (0) 5 : 0.000 1.000 0.000 0.000 0.000 0.000 0.000
45 45 (0) 5 : 0.000 0.994 0.000 0.001 0.000 0.005 0.000
46 46 (0) 5 : 0.000 0.999 0.000 0.000 0.000 0.001 0.000
47 47 (0) 5 : 0.000 0.999 0.000 0.000 0.000 0.001 0.000
48 48 (0) 6 : 0.005 0.000 0.000 0.004 0.000 0.982 0.008
49 49 (0) 6 : 0.000 0.003 0.000 0.000 0.000 0.996 0.000
50 50 (0) 6 : 0.001 0.014 0.000 0.026 0.000 0.957 0.003
51 51 (0) 6 : 0.000 0.003 0.000 0.001 0.000 0.992 0.004
52 52 (0) 6 : 0.000 0.001 0.000 0.002 0.000 0.996 0.001
53 53 (0) 6 : 0.002 0.001 0.000 0.002 0.000 0.995 0.000
54 54 (0) 6 : 0.000 0.006 0.000 0.004 0.000 0.990 0.000
55 55 (0) 6 : 0.000 0.002 0.000 0.007 0.000 0.991 0.000
56 56 (0) 6 : 0.000 0.002 0.000 0.121 0.000 0.877 0.000
57 57 (0) 6 : 0.000 0.002 0.000 0.000 0.000 0.997 0.000
58 58 (0) 6 : 0.001 0.002 0.000 0.001 0.000 0.016 0.980
59 59 (0) 7 : 0.001 0.000 0.000 0.000 0.000 0.001 0.998
60 60 (0) 7 : 0.000 0.000 0.000 0.000 0.000 0.000 0.999
61 61 (0) 7 : 0.000 0.001 0.000 0.000 0.000 0.001 0.998
62 62 (0) 7 : 0.000 0.000 0.000 0.000 0.000 0.000 0.999
63 63 (0) 7 : 0.000 0.002 0.000 0.001 0.000 0.000 0.996
64 64 (0) 7 : 0.000 0.000 0.000 0.000 0.000 0.000 0.999
65 65 (0) 7 : 0.000 0.000 0.000 0.001 0.000 0.008 0.990
66 66 (0) 8 : 0.007 0.050 0.000 0.848 0.000 0.095 0.000
67 67 (0) 8 : 0.000 0.001 0.000 0.998 0.000 0.001 0.000
68 68 (0) 8 : 0.000 0.000 0.000 0.996 0.000 0.002 0.001
69 69 (0) 8 : 0.000 0.000 0.000 0.998 0.000 0.001 0.000
70 70 (0) 8 : 0.000 0.001 0.000 0.962 0.000 0.037 0.000
71 71 (0) 8 : 0.000 0.013 0.000 0.881 0.000 0.105 0.000
72 72 (0) 8 : 0.002 0.001 0.000 0.992 0.000 0.004 0.001
73 73 (0) 8 : 0.000 0.000 0.000 0.859 0.140 0.001 0.000
74 74 (0) 8 : 0.005 0.000 0.000 0.946 0.048 0.001 0.000
75 75 (0) 8 : 0.003 0.003 0.000 0.926 0.000 0.067 0.000
76 76 (0) 8 : 0.002 0.002 0.000 0.868 0.000 0.127 0.001
77 77 (0) 8 : 0.000 0.005 0.000 0.965 0.000 0.029 0.001
78 78 (0) 9 : 0.000 0.125 0.000 0.002 0.022 0.818 0.032
79 79 (0) 9 : 0.001 0.085 0.000 0.002 0.000 0.910 0.001
80 80 (0) 9 : 0.000 0.078 0.000 0.000 0.000 0.922 0.000
81 81 (0) 9 : 0.001 0.090 0.000 0.003 0.095 0.811 0.001
82 82 (0) 9 : 0.001 0.074 0.019 0.055 0.001 0.851 0.000
83 83 (0) 9 : 0.000 0.110 0.000 0.032 0.000 0.851 0.007
84 84 (0) 9 : 0.000 0.008 0.000 0.001 0.000 0.918 0.072
85 85 (0) 9 : 0.000 0.111 0.000 0.001 0.000 0.885 0.003
86 86 (0) 9 : 0.000 0.039 0.012 0.002 0.137 0.809 0.002
87 87 (0) 9 : 0.001 0.164 0.000 0.001 0.000 0.835 0.000
88 88 (0) 9 : 0.001 0.098 0.000 0.003 0.000 0.898 0.000
89 89 (0) 9 : 0.000 0.081 0.047 0.000 0.085 0.787 0.000
90 90 (0) 9 : 0.000 0.068 0.000 0.000 0.053 0.879 0.000
91 91 (0) 10 : 0.115 0.017 0.000 0.029 0.000 0.013 0.825
92 92 (0) 10 : 0.009 0.004 0.000 0.105 0.000 0.005 0.877
93 93 (0) 10 : 0.001 0.009 0.000 0.001 0.000 0.004 0.984
94 94 (0) 10 : 0.018 0.029 0.000 0.002 0.000 0.003 0.947
95 95 (0) 10 : 0.000 0.001 0.000 0.001 0.000 0.002 0.996
96 96 (0) 10 : 0.001 0.050 0.000 0.003 0.000 0.006 0.940
97 97 (0) 10 : 0.092 0.009 0.000 0.002 0.000 0.101 0.795
98 98 (0) 10 : 0.000 0.011 0.000 0.017 0.000 0.015 0.957
99 99 (0) 10 : 0.004 0.000 0.000 0.000 0.238 0.000 0.757
100 100 (0) 10 : 0.001 0.005 0.000 0.008 0.000 0.037 0.949
101 101 (0) 10 : 0.003 0.000 0.000 0.000 0.228 0.000 0.768
102 102 (0) 10 : 0.001 0.003 0.000 0.043 0.000 0.029 0.923
103 103 (0) 10 : 0.007 0.001 0.000 0.012 0.000 0.043 0.938
1 1 (0) 1 : 0.000 0.128 0.000 0.000 0.001 0.004 0.867
2 2 (0) 1 : 0.000 0.329 0.001 0.000 0.002 0.000 0.668
3 3 (0) 1 : 0.000 0.000 0.003 0.000 0.043 0.000 0.953
4 4 (0) 1 : 0.000 0.138 0.000 0.000 0.002 0.000 0.859
5 5 (0) 1 : 0.000 0.573 0.000 0.000 0.000 0.000 0.427
6 6 (0) 1 : 0.000 0.360 0.000 0.000 0.000 0.002 0.638
7 7 (0) 1 : 0.000 0.213 0.000 0.000 0.001 0.000 0.785
8 8 (0) 1 : 0.002 0.147 0.000 0.000 0.001 0.003 0.847
9 9 (0) 1 : 0.000 0.200 0.000 0.000 0.002 0.001 0.796
10 10 (0) 1 : 0.000 0.707 0.000 0.000 0.000 0.000 0.292
11 11 (0) 1 : 0.000 0.000 0.003 0.000 0.078 0.006 0.912
12 12 (0) 1 : 0.000 0.496 0.000 0.000 0.005 0.000 0.499
13 13 (0) 2 : 0.000 1.000 0.000 0.000 0.000 0.000 0.000
14 14 (0) 2 : 0.000 1.000 0.000 0.000 0.000 0.000 0.000
15 15 (0) 2 : 0.000 1.000 0.000 0.000 0.000 0.000 0.000
16 16 (0) 3 : 0.837 0.000 0.087 0.000 0.000 0.075 0.001
17 17 (0) 3 : 0.998 0.000 0.000 0.000 0.001 0.001 0.000
18 18 (0) 3 : 0.907 0.000 0.087 0.000 0.001 0.003 0.002
19 19 (0) 3 : 0.649 0.351 0.000 0.000 0.000 0.000 0.000
20 20 (0) 3 : 0.493 0.507 0.000 0.000 0.000 0.000 0.000
21 21 (0) 3 : 0.876 0.000 0.044 0.000 0.070 0.002 0.007
22 22 (0) 3 : 0.774 0.225 0.000 0.000 0.000 0.000 0.000
23 23 (0) 3 : 0.746 0.000 0.140 0.000 0.004 0.049 0.060
24 24 (0) 3 : 0.830 0.000 0.109 0.000 0.034 0.025 0.001
25 25 (0) 3 : 0.989 0.000 0.008 0.000 0.000 0.001 0.001
26 26 (0) 3 : 0.994 0.000 0.000 0.000 0.003 0.002 0.001
27 27 (0) 3 : 0.998 0.000 0.000 0.000 0.001 0.001 0.000
28 28 (0) 4 : 0.000 0.000 0.000 0.000 0.003 0.000 0.996
29 29 (0) 4 : 0.000 0.000 0.000 0.000 0.001 0.001 0.998
30 30 (0) 4 : 0.000 0.000 0.000 0.000 0.001 0.000 0.998
31 31 (0) 4 : 0.000 0.003 0.001 0.000 0.000 0.004 0.991
32 32 (0) 4 : 0.000 0.019 0.000 0.000 0.002 0.000 0.979
33 33 (0) 4 : 0.000 0.000 0.000 0.000 0.001 0.000 0.999
34 34 (0) 4 : 0.000 0.000 0.000 0.000 0.000 0.000 0.999
35 35 (0) 5 : 0.000 0.000 0.000 0.000 0.999 0.000 0.001
36 36 (0) 5 : 0.000 0.000 0.000 0.000 0.998 0.000 0.001
37 37 (0) 5 : 0.000 0.000 0.000 0.000 0.998 0.000 0.001
38 38 (0) 5 : 0.000 0.000 0.000 0.000 0.999 0.000 0.001
39 39 (0) 5 : 0.000 0.000 0.000 0.000 0.999 0.000 0.000
40 40 (0) 5 : 0.000 0.286 0.000 0.000 0.713 0.000 0.000
41 41 (0) 5 : 0.000 0.000 0.000 0.000 0.999 0.000 0.001
42 42 (0) 5 : 0.000 0.071 0.000 0.000 0.929 0.000 0.000
43 43 (0) 5 : 0.000 0.000 0.000 0.000 0.980 0.001 0.019
44 44 (0) 5 : 0.000 0.000 0.000 0.000 1.000 0.000 0.000
45 45 (0) 5 : 0.000 0.000 0.000 0.000 0.996 0.000 0.003
46 46 (0) 5 : 0.000 0.000 0.000 0.000 0.999 0.000 0.000
47 47 (0) 5 : 0.000 0.000 0.000 0.000 0.999 0.000 0.000
48 48 (0) 6 : 0.002 0.000 0.004 0.001 0.000 0.012 0.981
49 49 (0) 6 : 0.000 0.000 0.000 0.000 0.004 0.000 0.995
50 50 (0) 6 : 0.000 0.000 0.016 0.000 0.011 0.012 0.961
51 51 (0) 6 : 0.000 0.000 0.000 0.007 0.002 0.000 0.990
52 52 (0) 6 : 0.000 0.000 0.003 0.000 0.001 0.002 0.994
53 53 (0) 6 : 0.001 0.000 0.000 0.000 0.001 0.001 0.996
54 54 (0) 6 : 0.000 0.000 0.000 0.000 0.006 0.003 0.990
55 55 (0) 6 : 0.000 0.000 0.000 0.000 0.002 0.004 0.994
56 56 (0) 6 : 0.000 0.000 0.000 0.000 0.003 0.124 0.873
57 57 (0) 6 : 0.000 0.000 0.000 0.000 0.004 0.001 0.995
58 58 (0) 6 : 0.003 0.000 0.119 0.805 0.022 0.014 0.037
59 59 (0) 7 : 0.001 0.000 0.002 0.997 0.000 0.000 0.000
60 60 (0) 7 : 0.001 0.000 0.001 0.997 0.000 0.000 0.001
61 61 (0) 7 : 0.000 0.000 0.005 0.990 0.001 0.001 0.003
62 62 (0) 7 : 0.000 0.000 0.009 0.990 0.000 0.001 0.000
63 63 (0) 7 : 0.000 0.000 0.002 0.980 0.015 0.001 0.001
64 64 (0) 7 : 0.000 0.000 0.000 0.996 0.001 0.001 0.001
65 65 (0) 7 : 0.000 0.000 0.007 0.983 0.000 0.001 0.007
66 66 (0) 8 : 0.003 0.000 0.000 0.000 0.054 0.868 0.074
67 67 (0) 8 : 0.000 0.000 0.000 0.000 0.001 0.998 0.001
68 68 (0) 8 : 0.000 0.000 0.001 0.000 0.000 0.998 0.001
69 69 (0) 8 : 0.000 0.000 0.000 0.000 0.000 0.999 0.001
70 70 (0) 8 : 0.000 0.000 0.000 0.000 0.001 0.986 0.013
71 71 (0) 8 : 0.000 0.000 0.000 0.000 0.024 0.895 0.080
72 72 (0) 8 : 0.001 0.000 0.001 0.000 0.001 0.996 0.001
73 73 (0) 8 : 0.000 0.102 0.000 0.000 0.000 0.882 0.015
74 74 (0) 8 : 0.003 0.000 0.000 0.000 0.000 0.995 0.001
75 75 (0) 8 : 0.001 0.000 0.001 0.000 0.006 0.938 0.055
76 76 (0) 8 : 0.001 0.000 0.002 0.000 0.005 0.880 0.113
77 77 (0) 8 : 0.000 0.000 0.001 0.001 0.005 0.986 0.007
78 78 (0) 9 : 0.000 0.000 0.139 0.000 0.112 0.001 0.747
79 79 (0) 9 : 0.000 0.000 0.003 0.001 0.089 0.002 0.905
80 80 (0) 9 : 0.000 0.000 0.000 0.000 0.093 0.000 0.907
81 81 (0) 9 : 0.007 0.062 0.003 0.000 0.086 0.005 0.837
82 82 (0) 9 : 0.001 0.027 0.000 0.000 0.084 0.052 0.836
83 83 (0) 9 : 0.000 0.000 0.008 0.001 0.122 0.017 0.852
84 84 (0) 9 : 0.000 0.000 0.103 0.000 0.003 0.000 0.893
85 85 (0) 9 : 0.000 0.000 0.000 0.004 0.120 0.001 0.875
86 86 (0) 9 : 0.000 0.115 0.001 0.001 0.039 0.002 0.843
87 87 (0) 9 : 0.000 0.000 0.001 0.000 0.180 0.001 0.817
88 88 (0) 9 : 0.000 0.000 0.000 0.000 0.096 0.007 0.897
89 89 (0) 9 : 0.000 0.113 0.000 0.000 0.091 0.000 0.795
90 90 (0) 9 : 0.000 0.033 0.000 0.000 0.066 0.000 0.899
91 91 (0) 10 : 0.089 0.000 0.879 0.025 0.001 0.003 0.002
92 92 (0) 10 : 0.003 0.000 0.945 0.001 0.002 0.039 0.010
93 93 (0) 10 : 0.000 0.000 0.997 0.000 0.001 0.000 0.001
94 94 (0) 10 : 0.001 0.000 0.997 0.000 0.002 0.000 0.000
95 95 (0) 10 : 0.000 0.000 0.998 0.000 0.000 0.000 0.000
96 96 (0) 10 : 0.000 0.000 0.988 0.007 0.002 0.001 0.001
97 97 (0) 10 : 0.072 0.000 0.825 0.039 0.008 0.001 0.055
98 98 (0) 10 : 0.000 0.000 0.995 0.000 0.003 0.000 0.001
99 99 (0) 10 : 0.006 0.173 0.820 0.001 0.000 0.000 0.000
100 100 (0) 10 : 0.000 0.000 0.993 0.001 0.002 0.001 0.004
101 101 (0) 10 : 0.001 0.174 0.824 0.001 0.000 0.000 0.000
102 102 (0) 10 : 0.000 0.000 0.990 0.001 0.001 0.007 0.001
103 103 (0) 10 : 0.003 0.000 0.996 0.000 0.000 0.000 0.000
