1 1 (0) 1 : 0.001 0.860 0.140
2 2 (0) 1 : 0.001 0.675 0.324
3 3 (0) 1 : 0.005 0.971 0.024
4 4 (0) 1 : 0.000 0.848 0.152
5 5 (0) 1 : 0.000 0.446 0.554
6 6 (0) 1 : 0.000 0.651 0.348
7 7 (0) 1 : 0.000 0.789 0.210
8 8 (0) 1 : 0.001 0.844 0.155
9 9 (0) 1 : 0.000 0.796 0.204
10 10 (0) 1 : 0.000 0.334 0.666
11 11 (0) 1 : 0.011 0.988 0.000
12 12 (0) 1 : 0.000 0.533 0.466
13 13 (0) 2 : 0.000 0.000 0.999
14 14 (0) 2 : 0.000 0.000 0.999
15 15 (0) 2 : 0.000 0.000 1.000
16 16 (0) 3 : 0.916 0.064 0.020
17 17 (0) 3 : 0.974 0.003 0.023
18 18 (0) 3 : 0.989 0.010 0.000
19 19 (0) 3 : 0.625 0.000 0.374
20 20 (0) 3 : 0.435 0.000 0.564
21 21 (0) 3 : 0.890 0.110 0.000
22 22 (0) 3 : 0.729 0.001 0.270
23 23 (0) 3 : 0.904 0.096 0.000
24 24 (0) 3 : 0.907 0.093 0.000
25 25 (0) 3 : 0.899 0.005 0.096
26 26 (0) 3 : 0.957 0.043 0.000
27 27 (0) 3 : 0.918 0.039 0.043
28 28 (0) 4 : 0.001 0.999 0.001
29 29 (0) 4 : 0.003 0.997 0.000
30 30 (0) 4 : 0.001 0.999 0.000
31 31 (0) 4 : 0.002 0.963 0.035
32 32 (0) 4 : 0.000 0.962 0.038
33 33 (0) 4 : 0.000 1.000 0.000
34 34 (0) 4 : 0.001 0.999 0.000
35 35 (0) 5 : 0.000 1.000 0.000
36 36 (0) 5 : 0.000 1.000 0.000
37 37 (0) 5 : 0.000 1.000 0.000
38 38 (0) 5 : 0.000 1.000 0.000
39 39 (0) 5 : 0.000 1.000 0.000
40 40 (0) 5 : 0.000 0.723 0.277
41 41 (0) 5 : 0.000 1.000 0.000
42 42 (0) 5 : 0.000 0.926 0.074
43 43 (0) 5 : 0.000 1.000 0.000
44 44 (0) 5 : 0.000 1.000 0.000
45 45 (0) 5 : 0.000 1.000 0.000
46 46 (0) 5 : 0.000 1.000 0.000
47 47 (0) 5 : 0.000 1.000 0.000
48 48 (0) 6 : 0.041 0.959 0.000
49 49 (0) 6 : 0.003 0.997 0.000
50 50 (0) 6 : 0.021 0.979 0.000
51 51 (0) 6 : 0.026 0.974 0.000
52 52 (0) 6 : 0.005 0.995 0.000
53 53 (0) 6 : 0.030 0.969 0.000
54 54 (0) 6 : 0.001 0.999 0.000
55 55 (0) 6 : 0.001 0.999 0.000
56 56 (0) 6 : 0.001 0.999 0.000
57 57 (0) 6 : 0.005 0.994 0.000
58 58 (0) 6 : 0.977 0.023 0.000
59 59 (0) 7 : 0.999 0.001 0.000
60 60 (0) 7 : 0.999 0.001 0.000
61 61 (0) 7 : 0.994 0.006 0.000
62 62 (0) 7 : 0.999 0.001 0.000
63 63 (0) 7 : 0.988 0.011 0.000
64 64 (0) 7 : 0.998 0.002 0.000
65 65 (0) 7 : 0.969 0.031 0.000
66 66 (0) 8 : 0.205 0.795 0.000
67 67 (0) 8 : 0.213 0.787 0.000
68 68 (0) 8 : 0.234 0.738 0.028
69 69 (0) 8 : 0.226 0.749 0.025
70 70 (0) 8 : 0.178 0.822 0.000
71 71 (0) 8 : 0.188 0.811 0.000
72 72 (0) 8 : 0.248 0.752 0.000
73 73 (0) 8 : 0.201 0.681 0.118
74 74 (0) 8 : 0.233 0.718 0.049
75 75 (0) 8 : 0.243 0.757 0.000
76 76 (0) 8 : 0.269 0.731 0.000
77 77 (0) 8 : 0.235 0.765 0.000
78 78 (0) 9 : 0.100 0.897 0.003
79 79 (0) 9 : 0.021 0.979 0.000
80 80 (0) 9 : 0.000 0.999 0.000
81 81 (0) 9 : 0.006 0.919 0.074
82 82 (0) 9 : 0.009 0.955 0.036
83 83 (0) 9 : 0.029 0.971 0.000
84 84 (0) 9 : 0.090 0.910 0.000
85 85 (0) 9 : 0.029 0.971 0.000
86 86 (0) 9 : 0.002 0.877 0.121
87 87 (0) 9 : 0.003 0.997 0.000
88 88 (0) 9 : 0.002 0.998 0.000
89 89 (0) 9 : 0.000 0.884 0.115
90 90 (0) 9 : 0.001 0.955 0.044
91 91 (0) 10 : 0.903 0.097 0.000
92 92 (0) 10 : 0.891 0.109 0.000
93 93 (0) 10 : 0.940 0.060 0.000
94 94 (0) 10 : 0.917 0.083 0.000
95 95 (0) 10 : 0.984 0.016 0.000
96 96 (0) 10 : 0.908 0.092 0.000
97 97 (0) 10 : 0.864 0.136 0.000
98 98 (0) 10 : 0.936 0.064 0.000
99 99 (0) 10 : 0.808 0.012 0.180
100 100 (0) 10 : 0.905 0.094 0.000
101 101 (0) 10 : 0.831 0.001 0.167
102 102 (0) 10 : 0.914 0.086 0.000
103 103 (0) 10 : 0.939 0.061 0.000
1 1 (0) 1 : 0.001 0.139 0.860
2 2 (0) 1 : 0.000 0.324 0.676
3 3 (0) 1 : 0.004 0.024 0.972
4 4 (0) 1 : 0.000 0.152 0.848
5 5 (0) 1 : 0.000 0.553 0.446
6 6 (0) 1 : 0.000 0.348 0.652
7 7 (0) 1 : 0.000 0.210 0.789
8 8 (0) 1 : 0.001 0.155 0.844
9 9 (0) 1 : 0.000 0.204 0.796
10 10 (0) 1 : 0.000 0.665 0.334
11 11 (0) 1 : 0.012 0.000 0.988
12 12 (0) 1 : 0.000 0.466 0.534
13 13 (0) 2 : 0.000 0.999 0.000
14 14 (0) 2 : 0.000 0.999 0.000
15 15 (0) 2 : 0.000 1.000 0.000
16 16 (0) 3 : 0.926 0.020 0.055
17 17 (0) 3 : 0.975 0.023 0.002
18 18 (0) 3 : 0.994 0.000 0.006
19 19 (0) 3 : 0.626 0.374 0.000
20 20 (0) 3 : 0.436 0.564 0.000
21 21 (0) 3 : 0.894 0.000 0.106
22 22 (0) 3 : 0.730 0.270 0.001
23 23 (0) 3 : 0.907 0.000 0.093
24 24 (0) 3 : 0.914 0.000 0.086
25 25 (0) 3 : 0.901 0.096 0.003
26 26 (0) 3 : 0.969 0.000 0.031
27 27 (0) 3 : 0.927 0.043 0.030
28 28 (0) 4 : 0.001 0.001 0.999
29 29 (0) 4 : 0.004 0.000 0.996
30 30 (0) 4 : 0.000 0.000 1.000
31 31 (0) 4 : 0.002 0.035 0.963
32 32 (0) 4 : 0.000 0.038 0.962
33 33 (0) 4 : 0.000 0.000 1.000
34 34 (0) 4 : 0.000 0.000 1.000
35 35 (0) 5 : 0.000 0.000 1.000
36 36 (0) 5 : 0.000 0.000 1.000
37 37 (0) 5 : 0.000 0.000 1.000
38 38 (0) 5 : 0.000 0.000 1.000
39 39 (0) 5 : 0.000 0.000 1.000
40 40 (0) 5 : 0.000 0.277 0.723
41 41 (0) 5 : 0.000 0.000 1.000
42 42 (0) 5 : 0.000 0.074 0.926
43 43 (0) 5 : 0.000 0.000 1.000
44 44 (0) 5 : 0.000 0.000 1.000
45 45 (0) 5 : 0.000 0.000 1.000
46 46 (0) 5 : 0.000 0.000 1.000
47 47 (0) 5 : 0.000 0.000 1.000
48 48 (0) 6 : 0.041 0.000 0.959
49 49 (0) 6 : 0.002 0.000 0.998
50 50 (0) 6 : 0.019 0.000 0.981
51 51 (0) 6 : 0.027 0.000 0.973
52 52 (0) 6 : 0.006 0.000 0.994
53 53 (0) 6 : 0.029 0.000 0.971
54 54 (0) 6 : 0.001 0.000 0.999
55 55 (0) 6 : 0.001 0.000 0.999
56 56 (0) 6 : 0.001 0.000 0.999
57 57 (0) 6 : 0.005 0.000 0.995
58 58 (0) 6 : 0.979 0.000 0.021
59 59 (0) 7 : 0.999 0.000 0.001
60 60 (0) 7 : 0.999 0.000 0.001
61 61 (0) 7 : 0.995 0.000 0.004
62 62 (0) 7 : 0.999 0.000 0.001
63 63 (0) 7 : 0.988 0.000 0.012
64 64 (0) 7 : 0.999 0.000 0.001
65 65 (0) 7 : 0.971 0.000 0.029
66 66 (0) 8 : 0.206 0.000 0.794
67 67 (0) 8 : 0.215 0.000 0.785
68 68 (0) 8 : 0.235 0.028 0.737
69 69 (0) 8 : 0.227 0.025 0.748
70 70 (0) 8 : 0.180 0.000 0.820
71 71 (0) 8 : 0.188 0.000 0.812
72 72 (0) 8 : 0.247 0.000 0.753
73 73 (0) 8 : 0.203 0.117 0.680
74 74 (0) 8 : 0.232 0.049 0.719
75 75 (0) 8 : 0.243 0.000 0.757
76 76 (0) 8 : 0.270 0.000 0.730
77 77 (0) 8 : 0.235 0.000 0.765
78 78 (0) 9 : 0.102 0.003 0.895
79 79 (0) 9 : 0.020 0.000 0.980
80 80 (0) 9 : 0.000 0.000 0.999
81 81 (0) 9 : 0.009 0.074 0.917
82 82 (0) 9 : 0.010 0.037 0.954
83 83 (0) 9 : 0.029 0.000 0.971
84 84 (0) 9 : 0.091 0.000 0.909
85 85 (0) 9 : 0.028 0.000 0.972
86 86 (0) 9 : 0.002 0.121 0.877
87 87 (0) 9 : 0.003 0.000 0.997
88 88 (0) 9 : 0.002 0.000 0.998
89 89 (0) 9 : 0.000 0.115 0.884
90 90 (0) 9 : 0.001 0.044 0.955
91 91 (0) 10 : 0.904 0.000 0.095
92 92 (0) 10 : 0.896 0.000 0.104
93 93 (0) 10 : 0.945 0.000 0.054
94 94 (0) 10 : 0.917 0.000 0.083
95 95 (0) 10 : 0.988 0.000 0.012
96 96 (0) 10 : 0.908 0.000 0.092
97 97 (0) 10 : 0.866 0.000 0.133
98 98 (0) 10 : 0.938 0.000 0.062
99 99 (0) 10 : 0.806 0.180 0.014
100 100 (0) 10 : 0.908 0.000 0.091
101 101 (0) 10 : 0.832 0.167 0.001
102 102 (0) 10 : 0.915 0.000 0.085
103 103 (0) 10 : 0.941 0.000 0.059
1 1 (0) 1 : 0.860 0.001 0.139
2 2 (0) 1 : 0.675 0.001 0.324
3 3 (0) 1 : 0.972 0.004 0.024
4 4 (0) 1 : 0.848 0.000 0.152
5 5 (0) 1 : 0.446 0.000 0.554
6 6 (0) 1 : 0.652 0.000 0.348
7 7 (0) 1 : 0.790 0.000 0.210
8 8 (0) 1 : 0.844 0.001 0.155
9 9 (0) 1 : 0.796 0.000 0.204
10 10 (0) 1 : 0.334 0.000 0.666
11 11 (0) 1 : 0.989 0.011 0.000
12 12 (0) 1 : 0.534 0.000 0.466
13 13 (0) 2 : 0.000 0.000 0.999
14 14 (0) 2 : 0.000 0.000 0.999
15 15 (0) 2 : 0.000 0.000 1.000
16 16 (0) 3 : 0.056 0.924 0.020
17 17 (0) 3 : 0.003 0.974 0.023
18 18 (0) 3 : 0.006 0.993 0.000
19 19 (0) 3 : 0.000 0.625 0.374
20 20 (0) 3 : 0.000 0.436 0.564
21 21 (0) 3 : 0.106 0.893 0.000
22 22 (0) 3 : 0.001 0.729 0.270
23 23 (0) 3 : 0.093 0.907 0.000
24 24 (0) 3 : 0.089 0.911 0.000
25 25 (0) 3 : 0.003 0.901 0.096
26 26 (0) 3 : 0.033 0.967 0.000
27 27 (0) 3 : 0.034 0.923 0.043
28 28 (0) 4 : 0.999 0.001 0.001
29 29 (0) 4 : 0.997 0.003 0.000
30 30 (0) 4 : 0.999 0.000 0.000
31 31 (0) 4 : 0.963 0.002 0.035
32 32 (0) 4 : 0.962 0.000 0.038
33 33 (0) 4 : 1.000 0.000 0.000
34 34 (0) 4 : 0.999 0.001 0.000
35 35 (0) 5 : 1.000 0.000 0.000
36 36 (0) 5 : 1.000 0.000 0.000
37 37 (0) 5 : 1.000 0.000 0.000
38 38 (0) 5 : 1.000 0.000 0.000
39 39 (0) 5 : 1.000 0.000 0.000
40 40 (0) 5 : 0.723 0.000 0.277
41 41 (0) 5 : 1.000 0.000 0.000
42 42 (0) 5 : 0.926 0.000 0.074
43 43 (0) 5 : 1.000 0.000 0.000
44 44 (0) 5 : 1.000 0.000 0.000
45 45 (0) 5 : 1.000 0.000 0.000
46 46 (0) 5 : 1.000 0.000 0.000
47 47 (0) 5 : 1.000 0.000 0.000
48 48 (0) 6 : 0.959 0.041 0.000
49 49 (0) 6 : 0.998 0.002 0.000
50 50 (0) 6 : 0.981 0.019 0.000
51 51 (0) 6 : 0.973 0.027 0.000
52 52 (0) 6 : 0.994 0.005 0.000
53 53 (0) 6 : 0.972 0.028 0.000
54 54 (0) 6 : 0.999 0.001 0.000
55 55 (0) 6 : 0.999 0.001 0.000
56 56 (0) 6 : 0.999 0.001 0.000
57 57 (0) 6 : 0.995 0.004 0.000
58 58 (0) 6 : 0.019 0.981 0.000
59 59 (0) 7 : 0.001 0.999 0.000
60 60 (0) 7 : 0.002 0.998 0.000
61 61 (0) 7 : 0.004 0.996 0.000
62 62 (0) 7 : 0.001 0.999 0.000
63 63 (0) 7 : 0.011 0.989 0.000
64 64 (0) 7 : 0.002 0.998 0.000
65 65 (0) 7 : 0.030 0.970 0.000
66 66 (0) 8 : 0.793 0.207 0.000
67 67 (0) 8 : 0.786 0.214 0.000
68 68 (0) 8 : 0.737 0.235 0.028
69 69 (0) 8 : 0.748 0.227 0.025
70 70 (0) 8 : 0.822 0.178 0.000
71 71 (0) 8 : 0.812 0.188 0.000
72 72 (0) 8 : 0.754 0.246 0.000
73 73 (0) 8 : 0.681 0.202 0.117
74 74 (0) 8 : 0.720 0.231 0.049
75 75 (0) 8 : 0.757 0.243 0.000
76 76 (0) 8 : 0.731 0.269 0.000
77 77 (0) 8 : 0.765 0.235 0.000
78 78 (0) 9 : 0.896 0.101 0.002
79 79 (0) 9 : 0.980 0.020 0.000
80 80 (0) 9 : 0.999 0.000 0.000
81 81 (0) 9 : 0.920 0.005 0.075
82 82 (0) 9 : 0.955 0.008 0.037
83 83 (0) 9 : 0.971 0.029 0.000
84 84 (0) 9 : 0.911 0.089 0.000
85 85 (0) 9 : 0.974 0.026 0.000
86 86 (0) 9 : 0.878 0.002 0.121
87 87 (0) 9 : 0.997 0.003 0.000
88 88 (0) 9 : 0.998 0.001 0.000
89 89 (0) 9 : 0.884 0.000 0.115
90 90 (0) 9 : 0.955 0.001 0.044
91 91 (0) 10 : 0.094 0.906 0.000
92 92 (0) 10 : 0.104 0.895 0.000
93 93 (0) 10 : 0.056 0.944 0.000
94 94 (0) 10 : 0.080 0.920 0.000
95 95 (0) 10 : 0.013 0.987 0.000
96 96 (0) 10 : 0.091 0.909 0.000
97 97 (0) 10 : 0.134 0.866 0.000
98 98 (0) 10 : 0.060 0.940 0.000
99 99 (0) 10 : 0.013 0.807 0.180
100 100 (0) 10 : 0.088 0.912 0.000
101 101 (0) 10 : 0.001 0.832 0.167
102 102 (0) 10 : 0.086 0.914 0.000
103 103 (0) 10 : 0.057 0.943 0.000
1 1 (0) 1 : 0.139 0.860 0.001
2 2 (0) 1 : 0.324 0.675 0.001
3 3 (0) 1 : 0.024 0.972 0.004
4 4 (0) 1 : 0.152 0.848 0.000
5 5 (0) 1 : 0.553 0.446 0.000
6 6 (0) 1 : 0.348 0.652 0.000
7 7 (0) 1 : 0.210 0.790 0.000
8 8 (0) 1 : 0.155 0.844 0.001
9 9 (0) 1 : 0.204 0.796 0.000
10 10 (0) 1 : 0.665 0.334 0.000
11 11 (0) 1 : 0.000 0.988 0.012
12 12 (0) 1 : 0.466 0.534 0.000
13 13 (0) 2 : 0.999 0.000 0.000
14 14 (0) 2 : 0.999 0.000 0.000
15 15 (0) 2 : 1.000 0.000 0.000
16 16 (0) 3 : 0.020 0.061 0.920
17 17 (0) 3 : 0.023 0.003 0.974
18 18 (0) 3 : 0.000 0.008 0.992
19 19 (0) 3 : 0.374 0.000 0.626
20 20 (0) 3 : 0.564 0.000 0.436
21 21 (0) 3 : 0.000 0.108 0.892
22 22 (0) 3 : 0.270 0.001 0.730
23 23 (0) 3 : 0.000 0.095 0.905
24 24 (0) 3 : 0.000 0.090 0.910
25 25 (0) 3 : 0.096 0.004 0.900
26 26 (0) 3 : 0.000 0.032 0.968
27 27 (0) 3 : 0.043 0.033 0.924
28 28 (0) 4 : 0.001 0.999 0.001
29 29 (0) 4 : 0.000 0.996 0.004
30 30 (0) 4 : 0.000 1.000 0.000
31 31 (0) 4 : 0.036 0.963 0.001
32 32 (0) 4 : 0.038 0.962 0.000
33 33 (0) 4 : 0.000 1.000 0.000
34 34 (0) 4 : 0.000 0.999 0.000
35 35 (0) 5 : 0.000 1.000 0.000
36 36 (0) 5 : 0.000 1.000 0.000
37 37 (0) 5 : 0.000 1.000 0.000
38 38 (0) 5 : 0.000 1.000 0.000
39 39 (0) 5 : 0.000 1.000 0.000
40 40 (0) 5 : 0.277 0.723 0.000
41 41 (0) 5 : 0.000 1.000 0.000
42 42 (0) 5 : 0.074 0.926 0.000
43 43 (0) 5 : 0.000 1.000 0.000
44 44 (0) 5 : 0.000 1.000 0.000
45 45 (0) 5 : 0.000 1.000 0.000
46 46 (0) 5 : 0.000 1.000 0.000
47 47 (0) 5 : 0.000 1.000 0.000
48 48 (0) 6 : 0.000 0.960 0.040
49 49 (0) 6 : 0.000 0.998 0.002
50 50 (0) 6 : 0.000 0.980 0.020
51 51 (0) 6 : 0.000 0.974 0.026
52 52 (0) 6 : 0.000 0.996 0.004
53 53 (0) 6 : 0.000 0.972 0.028
54 54 (0) 6 : 0.000 0.999 0.001
55 55 (0) 6 : 0.000 0.999 0.001
56 56 (0) 6 : 0.000 0.999 0.001
57 57 (0) 6 : 0.000 0.994 0.005
58 58 (0) 6 : 0.000 0.020 0.979
59 59 (0) 7 : 0.000 0.001 0.999
60 60 (0) 7 : 0.000 0.001 0.999
61 61 (0) 7 : 0.000 0.005 0.995
62 62 (0) 7 : 0.000 0.001 0.999
63 63 (0) 7 : 0.000 0.013 0.987
64 64 (0) 7 : 0.000 0.001 0.999
65 65 (0) 7 : 0.000 0.032 0.968
66 66 (0) 8 : 0.000 0.793 0.207
67 67 (0) 8 : 0.000 0.787 0.213
68 68 (0) 8 : 0.028 0.736 0.236
69 69 (0) 8 : 0.025 0.748 0.227
70 70 (0) 8 : 0.000 0.820 0.180
71 71 (0) 8 : 0.000 0.812 0.188
72 72 (0) 8 : 0.000 0.753 0.247
73 73 (0) 8 : 0.117 0.680 0.202
74 74 (0) 8 : 0.049 0.718 0.232
75 75 (0) 8 : 0.000 0.757 0.242
76 76 (0) 8 : 0.000 0.731 0.268
77 77 (0) 8 : 0.000 0.765 0.235
78 78 (0) 9 : 0.002 0.895 0.102
79 79 (0) 9 : 0.000 0.979 0.021
80 80 (0) 9 : 0.000 0.999 0.000
81 81 (0) 9 : 0.074 0.920 0.006
82 82 (0) 9 : 0.037 0.956 0.008
83 83 (0) 9 : 0.000 0.971 0.029
84 84 (0) 9 : 0.000 0.911 0.089
85 85 (0) 9 : 0.000 0.971 0.029
86 86 (0) 9 : 0.121 0.877 0.002
87 87 (0) 9 : 0.000 0.997 0.003
88 88 (0) 9 : 0.000 0.998 0.002
89 89 (0) 9 : 0.115 0.884 0.000
90 90 (0) 9 : 0.044 0.955 0.001
91 91 (0) 10 : 0.000 0.096 0.904
92 92 (0) 10 : 0.000 0.106 0.894
93 93 (0) 10 : 0.000 0.056 0.944
94 94 (0) 10 : 0.000 0.084 0.916
95 95 (0) 10 : 0.000 0.015 0.985
96 96 (0) 10 : 0.000 0.098 0.902
97 97 (0) 10 : 0.000 0.137 0.863
98 98 (0) 10 : 0.000 0.064 0.936
99 99 (0) 10 : 0.180 0.015 0.805
100 100 (0) 10 : 0.000 0.092 0.908
101 101 (0) 10 : 0.167 0.002 0.831
102 102 (0) 10 : 0.000 0.090 0.910
103 103 (0) 10 : 0.000 0.065 0.935
1 1 (0) 1 : 0.860 0.139 0.001
2 2 (0) 1 : 0.675 0.324 0.001
3 3 (0) 1 : 0.972 0.024 0.004
4 4 (0) 1 : 0.848 0.152 0.000
5 5 (0) 1 : 0.446 0.554 0.000
6 6 (0) 1 : 0.652 0.348 0.000
7 7 (0) 1 : 0.790 0.210 0.000
8 8 (0) 1 : 0.844 0.155 0.001
9 9 (0) 1 : 0.796 0.204 0.000
10 10 (0) 1 : 0.334 0.665 0.000
11 11 (0) 1 : 0.987 0.000 0.013
12 12 (0) 1 : 0.534 0.466 0.000
13 13 (0) 2 : 0.000 0.999 0.000
14 14 (0) 2 : 0.000 0.999 0.000
15 15 (0) 2 : 0.000 1.000 0.000
16 16 (0) 3 : 0.065 0.019 0.916
17 17 (0) 3 : 0.002 0.024 0.975
18 18 (0) 3 : 0.007 0.000 0.992
19 19 (0) 3 : 0.000 0.374 0.626
20 20 (0) 3 : 0.000 0.564 0.436
21 21 (0) 3 : 0.110 0.000 0.890
22 22 (0) 3 : 0.001 0.270 0.730
23 23 (0) 3 : 0.098 0.000 0.902
24 24 (0) 3 : 0.094 0.000 0.906
25 25 (0) 3 : 0.003 0.096 0.900
26 26 (0) 3 : 0.038 0.000 0.962
27 27 (0) 3 : 0.034 0.043 0.923
28 28 (0) 4 : 0.999 0.001 0.001
29 29 (0) 4 : 0.996 0.000 0.004
30 30 (0) 4 : 0.999 0.000 0.000
31 31 (0) 4 : 0.963 0.035 0.002
32 32 (0) 4 : 0.962 0.038 0.000
33 33 (0) 4 : 1.000 0.000 0.000
34 34 (0) 4 : 0.999 0.000 0.001
35 35 (0) 5 : 1.000 0.000 0.000
36 36 (0) 5 : 1.000 0.000 0.000
37 37 (0) 5 : 1.000 0.000 0.000
38 38 (0) 5 : 1.000 0.000 0.000
39 39 (0) 5 : 1.000 0.000 0.000
40 40 (0) 5 : 0.723 0.277 0.000
41 41 (0) 5 : 1.000 0.000 0.000
42 42 (0) 5 : 0.926 0.074 0.000
43 43 (0) 5 : 1.000 0.000 0.000
44 44 (0) 5 : 1.000 0.000 0.000
45 45 (0) 5 : 1.000 0.000 0.000
46 46 (0) 5 : 1.000 0.000 0.000
47 47 (0) 5 : 1.000 0.000 0.000
48 48 (0) 6 : 0.959 0.000 0.041
49 49 (0) 6 : 0.997 0.000 0.003
50 50 (0) 6 : 0.980 0.000 0.020
51 51 (0) 6 : 0.973 0.000 0.027
52 52 (0) 6 : 0.994 0.000 0.005
53 53 (0) 6 : 0.971 0.000 0.029
54 54 (0) 6 : 0.999 0.000 0.001
55 55 (0) 6 : 0.999 0.000 0.001
56 56 (0) 6 : 0.999 0.000 0.001
57 57 (0) 6 : 0.994 0.000 0.006
58 58 (0) 6 : 0.022 0.000 0.978
59 59 (0) 7 : 0.001 0.000 0.999
60 60 (0) 7 : 0.002 0.000 0.998
61 61 (0) 7 : 0.006 0.000 0.994
62 62 (0) 7 : 0.001 0.000 0.999
63 63 (0) 7 : 0.012 0.000 0.988
64 64 (0) 7 : 0.002 0.000 0.998
65 65 (0) 7 : 0.032 0.000 0.967
66 66 (0) 8 : 0.794 0.000 0.206
67 67 (0) 8 : 0.787 0.000 0.213
68 68 (0) 8 : 0.739 0.028 0.233
69 69 (0) 8 : 0.749 0.025 0.225
70 70 (0) 8 : 0.821 0.000 0.179
71 71 (0) 8 : 0.812 0.000 0.187
72 72 (0) 8 : 0.755 0.000 0.245
73 73 (0) 8 : 0.682 0.118 0.201
74 74 (0) 8 : 0.720 0.049 0.231
75 75 (0) 8 : 0.758 0.000 0.242
76 76 (0) 8 : 0.732 0.000 0.268
77 77 (0) 8 : 0.765 0.000 0.235
78 78 (0) 9 : 0.896 0.002 0.102
79 79 (0) 9 : 0.980 0.000 0.020
80 80 (0) 9 : 0.999 0.000 0.000
81 81 (0) 9 : 0.918 0.074 0.008
82 82 (0) 9 : 0.954 0.037 0.009
83 83 (0) 9 : 0.971 0.000 0.029
84 84 (0) 9 : 0.910 0.000 0.089
85 85 (0) 9 : 0.973 0.000 0.027
86 86 (0) 9 : 0.877 0.121 0.002
87 87 (0) 9 : 0.996 0.000 0.004
88 88 (0) 9 : 0.998 0.000 0.002
89 89 (0) 9 : 0.884 0.115 0.000
90 90 (0) 9 : 0.954 0.044 0.001
91 91 (0) 10 : 0.097 0.000 0.903
92 92 (0) 10 : 0.109 0.000 0.891
93 93 (0) 10 : 0.062 0.000 0.938
94 94 (0) 10 : 0.087 0.000 0.913
95 95 (0) 10 : 0.018 0.000 0.982
96 96 (0) 10 : 0.099 0.000 0.901
97 97 (0) 10 : 0.136 0.000 0.864
98 98 (0) 10 : 0.066 0.000 0.934
99 99 (0) 10 : 0.017 0.180 0.803
100 100 (0) 10 : 0.096 0.000 0.904
101 101 (0) 10 : 0.001 0.167 0.832
102 102 (0) 10 : 0.091 0.000 0.909
103 103 (0) 10 : 0.068 0.000 0.932
