1 1 (0) 1 : 0.000 0.007 0.133 0.859
2 2 (0) 1 : 0.001 0.005 0.328 0.667
3 3 (0) 1 : 0.002 0.070 0.004 0.924
4 4 (0) 1 : 0.000 0.017 0.146 0.837
5 5 (0) 1 : 0.000 0.001 0.566 0.433
6 6 (0) 1 : 0.000 0.001 0.351 0.648
7 7 (0) 1 : 0.000 0.005 0.211 0.784
8 8 (0) 1 : 0.001 0.017 0.150 0.832
9 9 (0) 1 : 0.000 0.013 0.201 0.786
10 10 (0) 1 : 0.000 0.001 0.688 0.310
11 11 (0) 1 : 0.002 0.086 0.000 0.912
12 12 (0) 1 : 0.000 0.019 0.483 0.498
13 13 (0) 2 : 0.000 0.000 1.000 0.000
14 14 (0) 2 : 0.000 0.000 1.000 0.000
15 15 (0) 2 : 0.000 0.000 1.000 0.000
16 16 (0) 3 : 0.948 0.011 0.019 0.021
17 17 (0) 3 : 0.971 0.003 0.025 0.001
18 18 (0) 3 : 0.994 0.003 0.000 0.003
19 19 (0) 3 : 0.608 0.000 0.391 0.000
20 20 (0) 3 : 0.416 0.000 0.584 0.000
21 21 (0) 3 : 0.914 0.019 0.000 0.067
22 22 (0) 3 : 0.718 0.000 0.281 0.000
23 23 (0) 3 : 0.922 0.002 0.000 0.076
24 24 (0) 3 : 0.929 0.061 0.000 0.010
25 25 (0) 3 : 0.896 0.001 0.101 0.002
26 26 (0) 3 : 0.977 0.020 0.000 0.003
27 27 (0) 3 : 0.945 0.005 0.045 0.005
28 28 (0) 4 : 0.000 0.050 0.000 0.950
29 29 (0) 4 : 0.001 0.006 0.000 0.993
30 30 (0) 4 : 0.000 0.007 0.000 0.993
31 31 (0) 4 : 0.001 0.002 0.027 0.970
32 32 (0) 4 : 0.000 0.008 0.032 0.959
33 33 (0) 4 : 0.000 0.003 0.000 0.996
34 34 (0) 4 : 0.000 0.001 0.000 0.999
35 35 (0) 5 : 0.000 0.992 0.000 0.007
36 36 (0) 5 : 0.000 0.995 0.000 0.005
37 37 (0) 5 : 0.001 0.994 0.000 0.005
38 38 (0) 5 : 0.000 0.996 0.000 0.004
39 39 (0) 5 : 0.001 0.998 0.000 0.002
40 40 (0) 5 : 0.000 0.722 0.278 0.000
41 41 (0) 5 : 0.001 0.996 0.000 0.004
42 42 (0) 5 : 0.000 0.930 0.070 0.000
43 43 (0) 5 : 0.000 0.958 0.000 0.041
44 44 (0) 5 : 0.000 0.999 0.000 0.000
45 45 (0) 5 : 0.000 0.987 0.000 0.013
46 46 (0) 5 : 0.000 0.998 0.000 0.001
47 47 (0) 5 : 0.000 0.998 0.000 0.002
48 48 (0) 6 : 0.020 0.001 0.000 0.979
49 49 (0) 6 : 0.001 0.013 0.000 0.986
50 50 (0) 6 : 0.006 0.022 0.000 0.972
51 51 (0) 6 : 0.002 0.018 0.000 0.980
52 52 (0) 6 : 0.001 0.001 0.000 0.998
53 53 (0) 6 : 0.002 0.005 0.000 0.993
54 54 (0) 6 : 0.000 0.038 0.000 0.961
55 55 (0) 6 : 0.001 0.003 0.000 0.996
56 56 (0) 6 : 0.000 0.016 0.000 0.984
57 57 (0) 6 : 0.000 0.005 0.000 0.995
58 58 (0) 6 : 0.989 0.002 0.000 0.010
59 59 (0) 7 : 0.999 0.000 0.000 0.000
60 60 (0) 7 : 0.998 0.001 0.000 0.001
61 61 (0) 7 : 0.998 0.001 0.000 0.001
62 62 (0) 7 : 0.999 0.001 0.000 0.000
63 63 (0) 7 : 0.992 0.005 0.000 0.003
64 64 (0) 7 : 0.998 0.001 0.000 0.001
65 65 (0) 7 : 0.974 0.001 0.000 0.025
66 66 (0) 8 : 0.156 0.031 0.000 0.813
67 67 (0) 8 : 0.152 0.006 0.000 0.842
68 68 (0) 8 : 0.161 0.000 0.024 0.814
69 69 (0) 8 : 0.145 0.000 0.021 0.833
70 70 (0) 8 : 0.110 0.000 0.000 0.889
71 71 (0) 8 : 0.126 0.007 0.000 0.866
72 72 (0) 8 : 0.169 0.001 0.000 0.830
73 73 (0) 8 : 0.128 0.001 0.117 0.754
74 74 (0) 8 : 0.160 0.000 0.048 0.792
75 75 (0) 8 : 0.160 0.001 0.000 0.839
76 76 (0) 8 : 0.196 0.001 0.000 0.803
77 77 (0) 8 : 0.174 0.001 0.000 0.825
78 78 (0) 9 : 0.045 0.145 0.001 0.809
79 79 (0) 9 : 0.005 0.106 0.000 0.889
80 80 (0) 9 : 0.000 0.123 0.000 0.877
81 81 (0) 9 : 0.001 0.116 0.071 0.812
82 82 (0) 9 : 0.001 0.107 0.033 0.859
83 83 (0) 9 : 0.013 0.129 0.000 0.857
84 84 (0) 9 : 0.065 0.041 0.000 0.893
85 85 (0) 9 : 0.006 0.125 0.000 0.869
86 86 (0) 9 : 0.001 0.066 0.117 0.816
87 87 (0) 9 : 0.001 0.197 0.000 0.802
88 88 (0) 9 : 0.001 0.106 0.000 0.894
89 89 (0) 9 : 0.000 0.111 0.116 0.773
90 90 (0) 9 : 0.000 0.091 0.040 0.869
91 91 (0) 10 : 0.936 0.018 0.000 0.047
92 92 (0) 10 : 0.904 0.003 0.000 0.093
93 93 (0) 10 : 0.981 0.013 0.000 0.006
94 94 (0) 10 : 0.970 0.013 0.000 0.017
95 95 (0) 10 : 0.997 0.001 0.000 0.003
96 96 (0) 10 : 0.955 0.042 0.000 0.003
97 97 (0) 10 : 0.882 0.010 0.000 0.108
98 98 (0) 10 : 0.973 0.010 0.000 0.016
99 99 (0) 10 : 0.810 0.001 0.185 0.004
100 100 (0) 10 : 0.972 0.014 0.000 0.015
101 101 (0) 10 : 0.826 0.000 0.173 0.001
102 102 (0) 10 : 0.946 0.006 0.000 0.048
103 103 (0) 10 : 0.981 0.002 0.000 0.017
1 1 (0) 1 : 0.148 0.000 0.851 0.000
2 2 (0) 1 : 0.340 0.000 0.659 0.001
3 3 (0) 1 : 0.026 0.000 0.969 0.005
4 4 (0) 1 : 0.160 0.000 0.839 0.000
5 5 (0) 1 : 0.577 0.000 0.423 0.000
6 6 (0) 1 : 0.365 0.000 0.634 0.000
7 7 (0) 1 : 0.221 0.000 0.778 0.000
8 8 (0) 1 : 0.163 0.004 0.833 0.000
9 9 (0) 1 : 0.215 0.000 0.785 0.000
10 10 (0) 1 : 0.692 0.000 0.308 0.000
11 11 (0) 1 : 0.000 0.002 0.987 0.011
12 12 (0) 1 : 0.485 0.000 0.514 0.000
13 13 (0) 2 : 1.000 0.000 0.000 0.000
14 14 (0) 2 : 1.000 0.000 0.000 0.000
15 15 (0) 2 : 1.000 0.000 0.000 0.000
16 16 (0) 3 : 0.000 0.862 0.083 0.056
17 17 (0) 3 : 0.000 0.984 0.015 0.001
18 18 (0) 3 : 0.000 0.908 0.053 0.038
19 19 (0) 3 : 0.356 0.644 0.000 0.000
20 20 (0) 3 : 0.543 0.457 0.000 0.000
21 21 (0) 3 : 0.000 0.830 0.152 0.018
22 22 (0) 3 : 0.253 0.746 0.000 0.000
23 23 (0) 3 : 0.000 0.742 0.167 0.091
24 24 (0) 3 : 0.000 0.816 0.124 0.060
25 25 (0) 3 : 0.069 0.889 0.025 0.016
26 26 (0) 3 : 0.000 0.956 0.043 0.001
27 27 (0) 3 : 0.000 0.978 0.021 0.001
28 28 (0) 4 : 0.001 0.000 0.998 0.001
29 29 (0) 4 : 0.000 0.000 0.993 0.007
30 30 (0) 4 : 0.000 0.000 0.999 0.000
31 31 (0) 4 : 0.038 0.001 0.960 0.002
32 32 (0) 4 : 0.040 0.000 0.959 0.000
33 33 (0) 4 : 0.000 0.000 0.999 0.000
34 34 (0) 4 : 0.000 0.000 1.000 0.000
35 35 (0) 5 : 0.000 0.000 1.000 0.000
36 36 (0) 5 : 0.000 0.000 1.000 0.000
37 37 (0) 5 : 0.000 0.000 1.000 0.000
38 38 (0) 5 : 0.000 0.000 1.000 0.000
39 39 (0) 5 : 0.000 0.000 1.000 0.000
40 40 (0) 5 : 0.287 0.000 0.713 0.000
41 41 (0) 5 : 0.000 0.000 1.000 0.000
42 42 (0) 5 : 0.077 0.000 0.923 0.000
43 43 (0) 5 : 0.000 0.000 1.000 0.000
44 44 (0) 5 : 0.000 0.000 1.000 0.000
45 45 (0) 5 : 0.000 0.000 1.000 0.000
46 46 (0) 5 : 0.000 0.000 1.000 0.000
47 47 (0) 5 : 0.000 0.000 1.000 0.000
48 48 (0) 6 : 0.000 0.007 0.960 0.033
49 49 (0) 6 : 0.000 0.001 0.997 0.002
50 50 (0) 6 : 0.000 0.003 0.983 0.014
51 51 (0) 6 : 0.000 0.000 0.967 0.032
52 52 (0) 6 : 0.000 0.000 0.996 0.004
53 53 (0) 6 : 0.000 0.029 0.970 0.001
54 54 (0) 6 : 0.000 0.002 0.998 0.000
55 55 (0) 6 : 0.000 0.002 0.997 0.001
56 56 (0) 6 : 0.000 0.026 0.974 0.000
57 57 (0) 6 : 0.000 0.003 0.995 0.002
58 58 (0) 6 : 0.000 0.001 0.096 0.903
59 59 (0) 7 : 0.000 0.001 0.025 0.974
60 60 (0) 7 : 0.000 0.001 0.010 0.989
61 61 (0) 7 : 0.000 0.000 0.032 0.968
62 62 (0) 7 : 0.000 0.000 0.004 0.995
63 63 (0) 7 : 0.000 0.000 0.046 0.954
64 64 (0) 7 : 0.000 0.001 0.024 0.975
65 65 (0) 7 : 0.000 0.001 0.063 0.936
66 66 (0) 8 : 0.000 0.360 0.640 0.000
67 67 (0) 8 : 0.000 0.408 0.592 0.000
68 68 (0) 8 : 0.000 0.489 0.510 0.001
69 69 (0) 8 : 0.000 0.482 0.518 0.000
70 70 (0) 8 : 0.000 0.364 0.636 0.000
71 71 (0) 8 : 0.000 0.341 0.659 0.000
72 72 (0) 8 : 0.000 0.449 0.551 0.000
73 73 (0) 8 : 0.096 0.438 0.465 0.000
74 74 (0) 8 : 0.025 0.476 0.498 0.000
75 75 (0) 8 : 0.000 0.432 0.568 0.000
76 76 (0) 8 : 0.000 0.393 0.606 0.001
77 77 (0) 8 : 0.000 0.403 0.596 0.000
78 78 (0) 9 : 0.001 0.000 0.891 0.107
79 79 (0) 9 : 0.000 0.007 0.988 0.005
80 80 (0) 9 : 0.000 0.000 0.999 0.000
81 81 (0) 9 : 0.077 0.011 0.908 0.003
82 82 (0) 9 : 0.037 0.028 0.935 0.000
83 83 (0) 9 : 0.000 0.001 0.969 0.030
84 84 (0) 9 : 0.000 0.001 0.906 0.094
85 85 (0) 9 : 0.000 0.001 0.974 0.024
86 86 (0) 9 : 0.127 0.001 0.870 0.002
87 87 (0) 9 : 0.000 0.002 0.997 0.001
88 88 (0) 9 : 0.000 0.002 0.997 0.001
89 89 (0) 9 : 0.121 0.000 0.878 0.000
90 90 (0) 9 : 0.047 0.000 0.952 0.001
91 91 (0) 10 : 0.000 0.122 0.157 0.720
92 92 (0) 10 : 0.000 0.036 0.200 0.764
93 93 (0) 10 : 0.000 0.001 0.157 0.842
94 94 (0) 10 : 0.000 0.033 0.171 0.796
95 95 (0) 10 : 0.000 0.001 0.144 0.855
96 96 (0) 10 : 0.000 0.001 0.205 0.794
97 97 (0) 10 : 0.000 0.096 0.194 0.710
98 98 (0) 10 : 0.000 0.003 0.159 0.838
99 99 (0) 10 : 0.184 0.029 0.077 0.710
100 100 (0) 10 : 0.000 0.001 0.190 0.808
101 101 (0) 10 : 0.171 0.116 0.008 0.705
102 102 (0) 10 : 0.000 0.019 0.178 0.802
103 103 (0) 10 : 0.000 0.005 0.184 0.811
1 1 (0) 1 : 0.134 0.860 0.006 0.000
2 2 (0) 1 : 0.327 0.666 0.006 0.000
3 3 (0) 1 : 0.005 0.924 0.070 0.002
4 4 (0) 1 : 0.146 0.837 0.017 0.000
5 5 (0) 1 : 0.566 0.433 0.001 0.000
6 6 (0) 1 : 0.351 0.648 0.001 0.000
7 7 (0) 1 : 0.211 0.783 0.006 0.000
8 8 (0) 1 : 0.150 0.835 0.014 0.001
9 9 (0) 1 : 0.202 0.782 0.016 0.000
10 10 (0) 1 : 0.689 0.310 0.001 0.000
11 11 (0) 1 : 0.000 0.911 0.086 0.002
12 12 (0) 1 : 0.483 0.499 0.017 0.000
13 13 (0) 2 : 1.000 0.000 0.000 0.000
14 14 (0) 2 : 1.000 0.000 0.000 0.000
15 15 (0) 2 : 1.000 0.000 0.000 0.000
16 16 (0) 3 : 0.019 0.015 0.014 0.952
17 17 (0) 3 : 0.025 0.001 0.002 0.972
18 18 (0) 3 : 0.000 0.002 0.003 0.994
19 19 (0) 3 : 0.391 0.000 0.000 0.608
20 20 (0) 3 : 0.584 0.000 0.000 0.415
21 21 (0) 3 : 0.000 0.073 0.015 0.912
22 22 (0) 3 : 0.281 0.001 0.000 0.718
23 23 (0) 3 : 0.000 0.080 0.002 0.918
24 24 (0) 3 : 0.000 0.004 0.070 0.926
25 25 (0) 3 : 0.101 0.002 0.001 0.895
26 26 (0) 3 : 0.000 0.002 0.023 0.974
27 27 (0) 3 : 0.045 0.005 0.005 0.945
28 28 (0) 4 : 0.000 0.947 0.052 0.000
29 29 (0) 4 : 0.000 0.993 0.007 0.001
30 30 (0) 4 : 0.000 0.990 0.009 0.000
31 31 (0) 4 : 0.027 0.970 0.002 0.001
32 32 (0) 4 : 0.032 0.956 0.011 0.000
33 33 (0) 4 : 0.000 0.996 0.004 0.000
34 34 (0) 4 : 0.000 0.999 0.001 0.000
35 35 (0) 5 : 0.000 0.007 0.992 0.000
36 36 (0) 5 : 0.000 0.004 0.996 0.000
37 37 (0) 5 : 0.000 0.005 0.994 0.001
38 38 (0) 5 : 0.000 0.004 0.996 0.000
39 39 (0) 5 : 0.000 0.001 0.998 0.000
40 40 (0) 5 : 0.278 0.000 0.722 0.000
41 41 (0) 5 : 0.000 0.003 0.997 0.001
42 42 (0) 5 : 0.070 0.000 0.930 0.000
43 43 (0) 5 : 0.000 0.040 0.959 0.000
44 44 (0) 5 : 0.000 0.000 0.999 0.000
45 45 (0) 5 : 0.000 0.013 0.987 0.000
46 46 (0) 5 : 0.000 0.001 0.998 0.000
47 47 (0) 5 : 0.000 0.002 0.998 0.000
48 48 (0) 6 : 0.000 0.979 0.001 0.020
49 49 (0) 6 : 0.000 0.980 0.019 0.001
50 50 (0) 6 : 0.000 0.972 0.023 0.005
51 51 (0) 6 : 0.000 0.978 0.020 0.002
52 52 (0) 6 : 0.000 0.997 0.001 0.001
53 53 (0) 6 : 0.000 0.993 0.005 0.002
54 54 (0) 6 : 0.000 0.958 0.042 0.000
55 55 (0) 6 : 0.000 0.997 0.003 0.000
56 56 (0) 6 : 0.000 0.985 0.014 0.000
57 57 (0) 6 : 0.000 0.994 0.005 0.001
58 58 (0) 6 : 0.000 0.007 0.001 0.992
59 59 (0) 7 : 0.000 0.001 0.000 0.999
60 60 (0) 7 : 0.000 0.001 0.001 0.998
61 61 (0) 7 : 0.000 0.002 0.001 0.997
62 62 (0) 7 : 0.000 0.000 0.000 0.999
63 63 (0) 7 : 0.000 0.003 0.005 0.993
64 64 (0) 7 : 0.000 0.001 0.000 0.999
65 65 (0) 7 : 0.000 0.027 0.001 0.972
66 66 (0) 8 : 0.000 0.816 0.029 0.155
67 67 (0) 8 : 0.000 0.843 0.006 0.151
68 68 (0) 8 : 0.024 0.815 0.000 0.160
69 69 (0) 8 : 0.022 0.834 0.000 0.145
70 70 (0) 8 : 0.000 0.890 0.000 0.109
71 71 (0) 8 : 0.000 0.865 0.009 0.126
72 72 (0) 8 : 0.000 0.832 0.001 0.168
73 73 (0) 8 : 0.117 0.756 0.001 0.126
74 74 (0) 8 : 0.048 0.793 0.000 0.158
75 75 (0) 8 : 0.000 0.839 0.001 0.160
76 76 (0) 8 : 0.000 0.802 0.001 0.197
77 77 (0) 8 : 0.000 0.827 0.001 0.172
78 78 (0) 9 : 0.001 0.826 0.147 0.027
79 79 (0) 9 : 0.000 0.891 0.105 0.004
80 80 (0) 9 : 0.000 0.877 0.123 0.000
81 81 (0) 9 : 0.070 0.813 0.116 0.001
82 82 (0) 9 : 0.033 0.858 0.108 0.001
83 83 (0) 9 : 0.000 0.859 0.129 0.013
84 84 (0) 9 : 0.000 0.890 0.047 0.063
85 85 (0) 9 : 0.000 0.869 0.125 0.006
86 86 (0) 9 : 0.117 0.817 0.066 0.001
87 87 (0) 9 : 0.000 0.803 0.196 0.001
88 88 (0) 9 : 0.000 0.895 0.104 0.001
89 89 (0) 9 : 0.116 0.772 0.112 0.000
90 90 (0) 9 : 0.040 0.869 0.091 0.000
91 91 (0) 10 : 0.000 0.049 0.014 0.937
92 92 (0) 10 : 0.000 0.091 0.004 0.905
93 93 (0) 10 : 0.000 0.007 0.013 0.979
94 94 (0) 10 : 0.000 0.018 0.011 0.971
95 95 (0) 10 : 0.000 0.002 0.001 0.997
96 96 (0) 10 : 0.000 0.003 0.043 0.954
97 97 (0) 10 : 0.000 0.110 0.010 0.880
98 98 (0) 10 : 0.000 0.012 0.012 0.976
99 99 (0) 10 : 0.185 0.002 0.001 0.812
100 100 (0) 10 : 0.000 0.012 0.016 0.972
101 101 (0) 10 : 0.173 0.001 0.000 0.826
102 102 (0) 10 : 0.000 0.052 0.006 0.943
103 103 (0) 10 : 0.000 0.014 0.001 0.985
1 1 (0) 1 : 0.134 0.000 0.857 0.009
2 2 (0) 1 : 0.328 0.001 0.664 0.007
3 3 (0) 1 : 0.004 0.002 0.923 0.071
4 4 (0) 1 : 0.146 0.000 0.834 0.020
5 5 (0) 1 : 0.566 0.000 0.432 0.001
6 6 (0) 1 : 0.351 0.000 0.647 0.001
7 7 (0) 1 : 0.211 0.000 0.781 0.008
8 8 (0) 1 : 0.150 0.001 0.833 0.016
9 9 (0) 1 : 0.202 0.000 0.787 0.011
10 10 (0) 1 : 0.690 0.000 0.309 0.001
11 11 (0) 1 : 0.000 0.002 0.910 0.088
12 12 (0) 1 : 0.483 0.000 0.496 0.021
13 13 (0) 2 : 1.000 0.000 0.000 0.000
14 14 (0) 2 : 0.999 0.000 0.000 0.000
15 15 (0) 2 : 1.000 0.000 0.000 0.000
16 16 (0) 3 : 0.021 0.948 0.016 0.015
17 17 (0) 3 : 0.025 0.972 0.001 0.002
18 18 (0) 3 : 0.000 0.995 0.002 0.003
19 19 (0) 3 : 0.392 0.608 0.000 0.000
20 20 (0) 3 : 0.584 0.415 0.000 0.000
21 21 (0) 3 : 0.000 0.912 0.076 0.012
22 22 (0) 3 : 0.281 0.718 0.000 0.000
23 23 (0) 3 : 0.000 0.924 0.074 0.002
24 24 (0) 3 : 0.000 0.928 0.007 0.065
25 25 (0) 3 : 0.101 0.895 0.002 0.001
26 26 (0) 3 : 0.000 0.975 0.003 0.023
27 27 (0) 3 : 0.045 0.944 0.007 0.004
28 28 (0) 4 : 0.000 0.000 0.945 0.054
29 29 (0) 4 : 0.000 0.001 0.993 0.006
30 30 (0) 4 : 0.000 0.000 0.989 0.011
31 31 (0) 4 : 0.027 0.001 0.970 0.002
32 32 (0) 4 : 0.032 0.000 0.956 0.011
33 33 (0) 4 : 0.000 0.000 0.996 0.004
34 34 (0) 4 : 0.000 0.000 0.998 0.001
35 35 (0) 5 : 0.000 0.000 0.008 0.992
36 36 (0) 5 : 0.000 0.000 0.005 0.994
37 37 (0) 5 : 0.000 0.001 0.006 0.994
38 38 (0) 5 : 0.000 0.000 0.004 0.996
39 39 (0) 5 : 0.000 0.001 0.001 0.998
40 40 (0) 5 : 0.278 0.000 0.000 0.722
41 41 (0) 5 : 0.000 0.001 0.004 0.995
42 42 (0) 5 : 0.070 0.000 0.000 0.930
43 43 (0) 5 : 0.000 0.000 0.042 0.957
44 44 (0) 5 : 0.000 0.000 0.000 0.999
45 45 (0) 5 : 0.000 0.000 0.012 0.987
46 46 (0) 5 : 0.000 0.001 0.002 0.998
47 47 (0) 5 : 0.000 0.000 0.002 0.998
48 48 (0) 6 : 0.000 0.022 0.977 0.001
49 49 (0) 6 : 0.000 0.001 0.980 0.019
50 50 (0) 6 : 0.000 0.005 0.970 0.024
51 51 (0) 6 : 0.000 0.002 0.974 0.024
52 52 (0) 6 : 0.000 0.001 0.998 0.001
53 53 (0) 6 : 0.000 0.002 0.992 0.006
54 54 (0) 6 : 0.000 0.000 0.953 0.047
55 55 (0) 6 : 0.000 0.001 0.996 0.004
56 56 (0) 6 : 0.000 0.000 0.981 0.019
57 57 (0) 6 : 0.000 0.001 0.992 0.007
58 58 (0) 6 : 0.000 0.990 0.008 0.001
59 59 (0) 7 : 0.000 0.999 0.000 0.000
60 60 (0) 7 : 0.000 0.998 0.001 0.001
61 61 (0) 7 : 0.000 0.998 0.001 0.001
62 62 (0) 7 : 0.000 0.999 0.000 0.000
63 63 (0) 7 : 0.000 0.993 0.002 0.005
64 64 (0) 7 : 0.000 0.998 0.001 0.001
65 65 (0) 7 : 0.000 0.972 0.027 0.001
66 66 (0) 8 : 0.000 0.154 0.811 0.034
67 67 (0) 8 : 0.000 0.152 0.842 0.006
68 68 (0) 8 : 0.024 0.160 0.815 0.000
69 69 (0) 8 : 0.022 0.145 0.833 0.000
70 70 (0) 8 : 0.000 0.109 0.890 0.000
71 71 (0) 8 : 0.000 0.127 0.865 0.009
72 72 (0) 8 : 0.000 0.170 0.829 0.001
73 73 (0) 8 : 0.117 0.128 0.755 0.001
74 74 (0) 8 : 0.048 0.160 0.792 0.001
75 75 (0) 8 : 0.000 0.161 0.838 0.001
76 76 (0) 8 : 0.000 0.197 0.802 0.002
77 77 (0) 8 : 0.000 0.174 0.825 0.001
78 78 (0) 9 : 0.000 0.059 0.793 0.147
79 79 (0) 9 : 0.000 0.004 0.891 0.105
80 80 (0) 9 : 0.000 0.000 0.874 0.125
81 81 (0) 9 : 0.071 0.001 0.809 0.119
82 82 (0) 9 : 0.033 0.001 0.856 0.110
83 83 (0) 9 : 0.000 0.014 0.855 0.131
84 84 (0) 9 : 0.000 0.068 0.886 0.046
85 85 (0) 9 : 0.000 0.006 0.869 0.125
86 86 (0) 9 : 0.117 0.001 0.815 0.067
87 87 (0) 9 : 0.000 0.001 0.800 0.199
88 88 (0) 9 : 0.000 0.000 0.893 0.106
89 89 (0) 9 : 0.115 0.000 0.771 0.113
90 90 (0) 9 : 0.040 0.000 0.868 0.091
91 91 (0) 10 : 0.000 0.939 0.046 0.014
92 92 (0) 10 : 0.000 0.903 0.093 0.004
93 93 (0) 10 : 0.000 0.982 0.005 0.013
94 94 (0) 10 : 0.000 0.973 0.014 0.012
95 95 (0) 10 : 0.000 0.996 0.003 0.001
96 96 (0) 10 : 0.000 0.956 0.005 0.039
97 97 (0) 10 : 0.000 0.881 0.108 0.011
98 98 (0) 10 : 0.000 0.972 0.018 0.009
99 99 (0) 10 : 0.186 0.811 0.003 0.001
100 100 (0) 10 : 0.000 0.969 0.017 0.014
101 101 (0) 10 : 0.173 0.826 0.001 0.000
102 102 (0) 10 : 0.000 0.951 0.043 0.006
103 103 (0) 10 : 0.000 0.978 0.020 0.001
1 1 (0) 1 : 0.858 0.000 0.133 0.008
2 2 (0) 1 : 0.665 0.000 0.327 0.008
3 3 (0) 1 : 0.926 0.001 0.004 0.069
4 4 (0) 1 : 0.834 0.000 0.146 0.020
5 5 (0) 1 : 0.433 0.000 0.566 0.001
6 6 (0) 1 : 0.648 0.000 0.351 0.001
7 7 (0) 1 : 0.782 0.000 0.211 0.007
8 8 (0) 1 : 0.834 0.001 0.150 0.016
9 9 (0) 1 : 0.785 0.000 0.201 0.013
10 10 (0) 1 : 0.310 0.000 0.689 0.001
11 11 (0) 1 : 0.913 0.002 0.000 0.085
12 12 (0) 1 : 0.503 0.000 0.483 0.013
13 13 (0) 2 : 0.000 0.000 1.000 0.000
14 14 (0) 2 : 0.000 0.000 1.000 0.000
15 15 (0) 2 : 0.000 0.000 1.000 0.000
16 16 (0) 3 : 0.021 0.947 0.020 0.012
17 17 (0) 3 : 0.001 0.971 0.025 0.003
18 18 (0) 3 : 0.002 0.994 0.000 0.003
19 19 (0) 3 : 0.000 0.608 0.391 0.000
20 20 (0) 3 : 0.000 0.416 0.584 0.000
21 21 (0) 3 : 0.076 0.911 0.000 0.012
22 22 (0) 3 : 0.000 0.719 0.281 0.000
23 23 (0) 3 : 0.077 0.922 0.000 0.001
24 24 (0) 3 : 0.008 0.930 0.000 0.062
25 25 (0) 3 : 0.002 0.896 0.101 0.002
26 26 (0) 3 : 0.002 0.979 0.000 0.019
27 27 (0) 3 : 0.005 0.944 0.045 0.006
28 28 (0) 4 : 0.945 0.000 0.000 0.055
29 29 (0) 4 : 0.993 0.001 0.000 0.006
30 30 (0) 4 : 0.991 0.000 0.000 0.009
31 31 (0) 4 : 0.971 0.001 0.027 0.002
32 32 (0) 4 : 0.957 0.000 0.032 0.010
33 33 (0) 4 : 0.995 0.000 0.000 0.004
34 34 (0) 4 : 0.999 0.000 0.000 0.001
35 35 (0) 5 : 0.006 0.000 0.000 0.994
36 36 (0) 5 : 0.005 0.000 0.000 0.995
37 37 (0) 5 : 0.006 0.001 0.000 0.994
38 38 (0) 5 : 0.004 0.000 0.000 0.995
39 39 (0) 5 : 0.002 0.000 0.000 0.998
40 40 (0) 5 : 0.000 0.000 0.278 0.722
41 41 (0) 5 : 0.004 0.000 0.000 0.996
42 42 (0) 5 : 0.000 0.000 0.070 0.930
43 43 (0) 5 : 0.042 0.000 0.000 0.958
44 44 (0) 5 : 0.000 0.000 0.000 0.999
45 45 (0) 5 : 0.011 0.000 0.000 0.988
46 46 (0) 5 : 0.001 0.000 0.000 0.999
47 47 (0) 5 : 0.002 0.000 0.000 0.998
48 48 (0) 6 : 0.979 0.020 0.000 0.001
49 49 (0) 6 : 0.982 0.001 0.000 0.017
50 50 (0) 6 : 0.971 0.005 0.000 0.024
51 51 (0) 6 : 0.979 0.002 0.000 0.019
52 52 (0) 6 : 0.998 0.001 0.000 0.001
53 53 (0) 6 : 0.994 0.002 0.000 0.005
54 54 (0) 6 : 0.962 0.000 0.000 0.038
55 55 (0) 6 : 0.996 0.001 0.000 0.003
56 56 (0) 6 : 0.985 0.000 0.000 0.015
57 57 (0) 6 : 0.995 0.001 0.000 0.005
58 58 (0) 6 : 0.006 0.992 0.000 0.002
59 59 (0) 7 : 0.000 0.999 0.000 0.001
60 60 (0) 7 : 0.001 0.998 0.000 0.001
61 61 (0) 7 : 0.001 0.998 0.000 0.001
62 62 (0) 7 : 0.000 0.999 0.000 0.001
63 63 (0) 7 : 0.002 0.992 0.000 0.005
64 64 (0) 7 : 0.001 0.998 0.000 0.001
65 65 (0) 7 : 0.024 0.975 0.000 0.001
66 66 (0) 8 : 0.812 0.156 0.000 0.032
67 67 (0) 8 : 0.840 0.153 0.000 0.007
68 68 (0) 8 : 0.813 0.162 0.024 0.001
69 69 (0) 8 : 0.832 0.146 0.022 0.000
70 70 (0) 8 : 0.889 0.110 0.000 0.000
71 71 (0) 8 : 0.865 0.127 0.000 0.008
72 72 (0) 8 : 0.829 0.171 0.000 0.000
73 73 (0) 8 : 0.755 0.128 0.117 0.001
74 74 (0) 8 : 0.791 0.161 0.048 0.001
75 75 (0) 8 : 0.838 0.161 0.000 0.001
76 76 (0) 8 : 0.801 0.198 0.000 0.001
77 77 (0) 8 : 0.825 0.175 0.000 0.001
78 78 (0) 9 : 0.807 0.048 0.000 0.145
79 79 (0) 9 : 0.892 0.004 0.000 0.105
80 80 (0) 9 : 0.876 0.000 0.000 0.123
81 81 (0) 9 : 0.813 0.001 0.071 0.116
82 82 (0) 9 : 0.859 0.001 0.033 0.107
83 83 (0) 9 : 0.854 0.015 0.000 0.131
84 84 (0) 9 : 0.893 0.068 0.000 0.038
85 85 (0) 9 : 0.869 0.008 0.000 0.123
86 86 (0) 9 : 0.818 0.001 0.117 0.064
87 87 (0) 9 : 0.803 0.001 0.000 0.196
88 88 (0) 9 : 0.895 0.001 0.000 0.104
89 89 (0) 9 : 0.771 0.000 0.115 0.113
90 90 (0) 9 : 0.870 0.000 0.040 0.090
91 91 (0) 10 : 0.041 0.941 0.000 0.018
92 92 (0) 10 : 0.088 0.908 0.000 0.004
93 93 (0) 10 : 0.007 0.980 0.000 0.012
94 94 (0) 10 : 0.017 0.972 0.000 0.012
95 95 (0) 10 : 0.002 0.997 0.000 0.001
96 96 (0) 10 : 0.003 0.960 0.000 0.038
97 97 (0) 10 : 0.106 0.883 0.000 0.010
98 98 (0) 10 : 0.015 0.976 0.000 0.009
99 99 (0) 10 : 0.002 0.812 0.185 0.001
100 100 (0) 10 : 0.016 0.969 0.000 0.015
101 101 (0) 10 : 0.001 0.826 0.173 0.000
102 102 (0) 10 : 0.046 0.948 0.000 0.006
103 103 (0) 10 : 0.017 0.981 0.000 0.002
