1 1 (0) 1 : 0.800 0.000 0.196 0.001 0.002 0.000 0.000 0.000
2 2 (0) 1 : 0.519 0.000 0.480 0.001 0.000 0.000 0.000 0.000
3 3 (0) 1 : 0.895 0.000 0.036 0.066 0.000 0.000 0.000 0.003
4 4 (0) 1 : 0.773 0.000 0.221 0.005 0.000 0.000 0.000 0.000
5 5 (0) 1 : 0.198 0.000 0.801 0.000 0.000 0.000 0.000 0.000
6 6 (0) 1 : 0.536 0.115 0.349 0.000 0.001 0.000 0.000 0.000
7 7 (0) 1 : 0.718 0.073 0.207 0.001 0.001 0.000 0.000 0.000
8 8 (0) 1 : 0.757 0.000 0.231 0.007 0.005 0.000 0.000 0.000
9 9 (0) 1 : 0.700 0.001 0.296 0.001 0.001 0.000 0.000 0.000
10 10 (0) 1 : 0.045 0.000 0.954 0.000 0.000 0.000 0.000 0.000
11 11 (0) 1 : 0.897 0.000 0.000 0.074 0.008 0.000 0.000 0.021
12 12 (0) 1 : 0.338 0.000 0.660 0.001 0.000 0.000 0.000 0.000
13 13 (0) 2 : 0.000 1.000 0.000 0.000 0.000 0.000 0.000 0.000
14 14 (0) 2 : 0.000 1.000 0.000 0.000 0.000 0.000 0.000 0.000
15 15 (0) 2 : 0.000 1.000 0.000 0.000 0.000 0.000 0.000 0.000
16 16 (0) 3 : 0.001 0.000 0.000 0.001 0.066 0.845 0.000 0.088
17 17 (0) 3 : 0.000 0.000 0.000 0.000 0.000 0.998 0.000 0.000
18 18 (0) 3 : 0.002 0.000 0.000 0.002 0.001 0.908 0.000 0.087
19 19 (0) 3 : 0.000 0.001 0.449 0.000 0.000 0.549 0.000 0.000
20 20 (0) 3 : 0.000 0.035 0.614 0.000 0.000 0.350 0.000 0.000
21 21 (0) 3 : 0.035 0.000 0.000 0.045 0.004 0.875 0.000 0.041
22 22 (0) 3 : 0.000 0.000 0.325 0.000 0.000 0.675 0.000 0.000
23 23 (0) 3 : 0.114 0.000 0.000 0.001 0.013 0.760 0.000 0.111
24 24 (0) 3 : 0.005 0.000 0.000 0.034 0.014 0.844 0.000 0.103
25 25 (0) 3 : 0.000 0.000 0.110 0.000 0.002 0.880 0.000 0.006
26 26 (0) 3 : 0.001 0.000 0.000 0.003 0.001 0.994 0.000 0.000
27 27 (0) 3 : 0.001 0.000 0.000 0.001 0.000 0.998 0.000 0.000
28 28 (0) 4 : 0.997 0.000 0.000 0.002 0.000 0.000 0.000 0.000
29 29 (0) 4 : 0.999 0.000 0.000 0.001 0.000 0.000 0.000 0.000
30 30 (0) 4 : 0.999 0.000 0.000 0.000 0.000 0.000 0.000 0.000
31 31 (0) 4 : 0.948 0.000 0.047 0.000 0.003 0.000 0.000 0.002
32 32 (0) 4 : 0.961 0.000 0.037 0.001 0.000 0.000 0.000 0.000
33 33 (0) 4 : 0.999 0.000 0.000 0.001 0.000 0.000 0.000 0.000
34 34 (0) 4 : 0.999 0.000 0.000 0.000 0.000 0.000 0.000 0.000
35 35 (0) 5 : 0.003 0.000 0.000 0.997 0.000 0.000 0.000 0.000
36 36 (0) 5 : 0.003 0.000 0.000 0.997 0.000 0.000 0.000 0.000
37 37 (0) 5 : 0.001 0.000 0.000 0.998 0.000 0.000 0.000 0.000
38 38 (0) 5 : 0.001 0.000 0.000 0.999 0.000 0.000 0.000 0.000
39 39 (0) 5 : 0.000 0.000 0.000 0.999 0.000 0.000 0.000 0.000
40 40 (0) 5 : 0.000 0.000 0.365 0.634 0.000 0.000 0.000 0.000
41 41 (0) 5 : 0.001 0.000 0.000 0.999 0.000 0.000 0.000 0.000
42 42 (0) 5 : 0.000 0.000 0.096 0.904 0.000 0.000 0.000 0.000
43 43 (0) 5 : 0.032 0.000 0.000 0.967 0.000 0.000 0.000 0.000
44 44 (0) 5 : 0.000 0.000 0.000 0.999 0.000 0.000 0.000 0.000
45 45 (0) 5 : 0.006 0.000 0.000 0.994 0.000 0.000 0.000 0.000
46 46 (0) 5 : 0.000 0.000 0.000 0.999 0.000 0.000 0.000 0.000
47 47 (0) 5 : 0.001 0.000 0.000 0.999 0.000 0.000 0.000 0.000
48 48 (0) 6 : 0.987 0.000 0.000 0.000 0.005 0.003 0.002 0.003
49 49 (0) 6 : 0.997 0.000 0.000 0.002 0.000 0.000 0.000 0.000
50 50 (0) 6 : 0.961 0.000 0.000 0.008 0.015 0.000 0.000 0.016
51 51 (0) 6 : 0.992 0.000 0.000 0.002 0.000 0.000 0.006 0.000
52 52 (0) 6 : 0.995 0.000 0.000 0.000 0.001 0.000 0.000 0.003
53 53 (0) 6 : 0.995 0.000 0.000 0.001 0.001 0.002 0.000 0.000
54 54 (0) 6 : 0.991 0.000 0.000 0.005 0.003 0.000 0.000 0.000
55 55 (0) 6 : 0.995 0.000 0.000 0.001 0.004 0.000 0.000 0.000
56 56 (0) 6 : 0.875 0.000 0.000 0.002 0.122 0.000 0.000 0.000
57 57 (0) 6 : 0.997 0.000 0.000 0.002 0.000 0.000 0.000 0.000
58 58 (0) 6 : 0.066 0.000 0.000 0.018 0.001 0.002 0.798 0.114
59 59 (0) 7 : 0.001 0.000 0.000 0.001 0.000 0.001 0.997 0.001
60 60 (0) 7 : 0.001 0.000 0.000 0.000 0.000 0.001 0.996 0.001
61 61 (0) 7 : 0.004 0.000 0.000 0.001 0.001 0.000 0.987 0.006
62 62 (0) 7 : 0.000 0.000 0.000 0.000 0.001 0.000 0.983 0.015
63 63 (0) 7 : 0.001 0.000 0.000 0.014 0.001 0.000 0.981 0.002
64 64 (0) 7 : 0.001 0.000 0.000 0.001 0.001 0.000 0.996 0.000
65 65 (0) 7 : 0.012 0.000 0.000 0.000 0.002 0.000 0.979 0.007
66 66 (0) 8 : 0.091 0.000 0.000 0.049 0.854 0.005 0.000 0.000
67 67 (0) 8 : 0.001 0.000 0.000 0.001 0.998 0.000 0.000 0.000
68 68 (0) 8 : 0.001 0.000 0.000 0.000 0.997 0.000 0.000 0.001
69 69 (0) 8 : 0.001 0.000 0.000 0.000 0.998 0.000 0.000 0.000
70 70 (0) 8 : 0.035 0.000 0.000 0.000 0.964 0.000 0.000 0.000
71 71 (0) 8 : 0.106 0.000 0.000 0.009 0.885 0.000 0.000 0.000
72 72 (0) 8 : 0.002 0.000 0.000 0.001 0.994 0.001 0.000 0.002
73 73 (0) 8 : 0.001 0.000 0.146 0.000 0.853 0.000 0.000 0.000
74 74 (0) 8 : 0.001 0.000 0.050 0.000 0.945 0.003 0.000 0.000
75 75 (0) 8 : 0.065 0.000 0.000 0.002 0.930 0.002 0.000 0.000
76 76 (0) 8 : 0.123 0.000 0.000 0.003 0.871 0.002 0.000 0.001
77 77 (0) 8 : 0.011 0.000 0.000 0.005 0.982 0.000 0.000 0.001
78 78 (0) 9 : 0.729 0.000 0.000 0.114 0.001 0.000 0.000 0.155
79 79 (0) 9 : 0.911 0.000 0.000 0.084 0.001 0.001 0.000 0.003
80 80 (0) 9 : 0.921 0.000 0.000 0.079 0.000 0.000 0.000 0.000
81 81 (0) 9 : 0.805 0.000 0.098 0.092 0.002 0.001 0.000 0.002
82 82 (0) 9 : 0.856 0.019 0.000 0.071 0.051 0.003 0.000 0.000
83 83 (0) 9 : 0.851 0.000 0.000 0.109 0.034 0.000 0.001 0.005
84 84 (0) 9 : 0.885 0.000 0.000 0.002 0.001 0.000 0.000 0.111
85 85 (0) 9 : 0.885 0.000 0.000 0.110 0.001 0.000 0.004 0.000
86 86 (0) 9 : 0.797 0.013 0.144 0.043 0.001 0.000 0.000 0.001
87 87 (0) 9 : 0.832 0.000 0.000 0.166 0.001 0.001 0.000 0.001
88 88 (0) 9 : 0.899 0.000 0.000 0.098 0.002 0.000 0.000 0.000
89 89 (0) 9 : 0.783 0.048 0.089 0.079 0.000 0.000 0.000 0.000
90 90 (0) 9 : 0.876 0.000 0.056 0.067 0.000 0.000 0.000 0.000
91 91 (0) 10 : 0.002 0.000 0.000 0.002 0.001 0.096 0.026 0.873
92 92 (0) 10 : 0.007 0.000 0.000 0.001 0.051 0.004 0.002 0.935
93 93 (0) 10 : 0.000 0.000 0.000 0.002 0.000 0.000 0.000 0.997
94 94 (0) 10 : 0.000 0.000 0.000 0.003 0.000 0.002 0.000 0.994
95 95 (0) 10 : 0.001 0.000 0.000 0.000 0.000 0.000 0.001 0.998
96 96 (0) 10 : 0.001 0.000 0.000 0.004 0.002 0.000 0.012 0.980
97 97 (0) 10 : 0.060 0.000 0.000 0.006 0.000 0.084 0.035 0.815
98 98 (0) 10 : 0.001 0.000 0.000 0.004 0.001 0.000 0.000 0.994
99 99 (0) 10 : 0.000 0.000 0.235 0.000 0.000 0.001 0.001 0.764
100 100 (0) 10 : 0.005 0.000 0.000 0.001 0.001 0.000 0.000 0.993
101 101 (0) 10 : 0.000 0.000 0.231 0.000 0.000 0.000 0.001 0.767
102 102 (0) 10 : 0.003 0.000 0.000 0.001 0.009 0.001 0.001 0.986
103 103 (0) 10 : 0.001 0.000 0.000 0.000 0.000 0.005 0.000 0.993
1 1 (0) 1 : 0.686 0.000 0.000 0.000 0.000 0.002 0.310 0.002
2 2 (0) 1 : 0.386 0.000 0.000 0.174 0.000 0.000 0.438 0.001
3 3 (0) 1 : 0.816 0.000 0.000 0.000 0.000 0.000 0.100 0.083
4 4 (0) 1 : 0.630 0.000 0.000 0.000 0.000 0.000 0.366 0.004
5 5 (0) 1 : 0.009 0.000 0.000 0.316 0.000 0.000 0.674 0.000
6 6 (0) 1 : 0.301 0.000 0.000 0.000 0.078 0.000 0.620 0.000
7 7 (0) 1 : 0.578 0.000 0.000 0.000 0.039 0.001 0.381 0.001
8 8 (0) 1 : 0.707 0.000 0.000 0.108 0.000 0.003 0.173 0.008
9 9 (0) 1 : 0.509 0.000 0.000 0.000 0.000 0.000 0.488 0.003
10 10 (0) 1 : 0.072 0.000 0.000 0.735 0.000 0.000 0.193 0.000
11 11 (0) 1 : 0.862 0.004 0.000 0.000 0.000 0.047 0.004 0.083
12 12 (0) 1 : 0.399 0.000 0.000 0.567 0.000 0.000 0.030 0.003
13 13 (0) 2 : 0.000 0.000 0.000 0.000 1.000 0.000 0.000 0.000
14 14 (0) 2 : 0.000 0.000 0.000 0.000 1.000 0.000 0.000 0.000
15 15 (0) 2 : 0.000 0.000 0.000 0.000 1.000 0.000 0.000 0.000
16 16 (0) 3 : 0.003 0.039 0.882 0.000 0.000 0.075 0.000 0.001
17 17 (0) 3 : 0.000 0.000 0.999 0.000 0.000 0.000 0.000 0.000
18 18 (0) 3 : 0.010 0.049 0.934 0.000 0.000 0.005 0.000 0.002
19 19 (0) 3 : 0.000 0.000 0.588 0.402 0.009 0.000 0.000 0.000
20 20 (0) 3 : 0.000 0.000 0.380 0.604 0.015 0.000 0.000 0.000
21 21 (0) 3 : 0.067 0.010 0.896 0.000 0.000 0.004 0.000 0.024
22 22 (0) 3 : 0.000 0.000 0.692 0.307 0.000 0.000 0.000 0.000
23 23 (0) 3 : 0.119 0.075 0.782 0.000 0.000 0.023 0.000 0.001
24 24 (0) 3 : 0.019 0.056 0.876 0.000 0.000 0.022 0.000 0.027
25 25 (0) 3 : 0.001 0.003 0.894 0.100 0.000 0.001 0.000 0.001
26 26 (0) 3 : 0.001 0.000 0.995 0.000 0.000 0.001 0.000 0.003
27 27 (0) 3 : 0.001 0.000 0.998 0.000 0.000 0.000 0.000 0.001
28 28 (0) 4 : 0.997 0.000 0.000 0.000 0.000 0.000 0.000 0.002
29 29 (0) 4 : 0.999 0.000 0.000 0.000 0.000 0.000 0.000 0.001
30 30 (0) 4 : 0.999 0.000 0.000 0.000 0.000 0.000 0.000 0.001
31 31 (0) 4 : 0.955 0.000 0.000 0.042 0.000 0.002 0.000 0.001
32 32 (0) 4 : 0.965 0.000 0.000 0.025 0.000 0.000 0.008 0.001
33 33 (0) 4 : 0.999 0.000 0.000 0.000 0.000 0.000 0.000 0.001
34 34 (0) 4 : 0.999 0.000 0.000 0.000 0.000 0.000 0.000 0.000
35 35 (0) 5 : 0.003 0.000 0.000 0.000 0.000 0.000 0.000 0.997
36 36 (0) 5 : 0.002 0.000 0.000 0.000 0.000 0.000 0.000 0.997
37 37 (0) 5 : 0.001 0.000 0.000 0.000 0.000 0.000 0.000 0.998
38 38 (0) 5 : 0.001 0.000 0.000 0.000 0.000 0.001 0.000 0.998
39 39 (0) 5 : 0.000 0.000 0.000 0.000 0.000 0.000 0.000 0.999
40 40 (0) 5 : 0.000 0.000 0.000 0.328 0.000 0.000 0.000 0.672
41 41 (0) 5 : 0.001 0.000 0.000 0.000 0.000 0.000 0.000 0.999
42 42 (0) 5 : 0.000 0.000 0.000 0.085 0.000 0.000 0.000 0.915
43 43 (0) 5 : 0.030 0.000 0.000 0.000 0.000 0.000 0.000 0.969
44 44 (0) 5 : 0.000 0.000 0.000 0.000 0.000 0.000 0.000 0.999
45 45 (0) 5 : 0.004 0.000 0.000 0.000 0.000 0.000 0.000 0.995
46 46 (0) 5 : 0.001 0.000 0.000 0.000 0.000 0.000 0.000 0.999
47 47 (0) 5 : 0.001 0.000 0.000 0.000 0.000 0.000 0.000 0.999
48 48 (0) 6 : 0.984 0.007 0.004 0.000 0.000 0.004 0.000 0.000
49 49 (0) 6 : 0.992 0.000 0.000 0.000 0.000 0.000 0.000 0.007
50 50 (0) 6 : 0.954 0.002 0.001 0.000 0.000 0.026 0.000 0.017
51 51 (0) 6 : 0.993 0.004 0.000 0.000 0.000 0.000 0.000 0.003
52 52 (0) 6 : 0.996 0.001 0.000 0.000 0.000 0.002 0.000 0.001
53 53 (0) 6 : 0.990 0.000 0.007 0.000 0.000 0.002 0.000 0.000
54 54 (0) 6 : 0.993 0.000 0.000 0.000 0.000 0.003 0.000 0.003
55 55 (0) 6 : 0.985 0.000 0.000 0.000 0.000 0.013 0.000 0.001
56 56 (0) 6 : 0.864 0.000 0.000 0.000 0.000 0.135 0.000 0.001
57 57 (0) 6 : 0.996 0.000 0.000 0.000 0.000 0.000 0.000 0.004
58 58 (0) 6 : 0.007 0.989 0.001 0.000 0.000 0.001 0.000 0.001
59 59 (0) 7 : 0.001 0.998 0.001 0.000 0.000 0.000 0.000 0.000
60 60 (0) 7 : 0.000 0.999 0.000 0.000 0.000 0.000 0.000 0.000
61 61 (0) 7 : 0.001 0.997 0.000 0.000 0.000 0.000 0.000 0.000
62 62 (0) 7 : 0.000 0.999 0.000 0.000 0.000 0.000 0.000 0.000
63 63 (0) 7 : 0.001 0.997 0.000 0.000 0.000 0.000 0.000 0.002
64 64 (0) 7 : 0.000 0.999 0.000 0.000 0.000 0.001 0.000 0.000
65 65 (0) 7 : 0.005 0.993 0.000 0.000 0.000 0.001 0.000 0.000
66 66 (0) 8 : 0.097 0.000 0.006 0.000 0.000 0.849 0.000 0.047
67 67 (0) 8 : 0.001 0.000 0.000 0.000 0.000 0.998 0.000 0.001
68 68 (0) 8 : 0.001 0.001 0.001 0.000 0.000 0.997 0.000 0.000
69 69 (0) 8 : 0.001 0.000 0.000 0.000 0.000 0.998 0.000 0.000
70 70 (0) 8 : 0.032 0.000 0.000 0.000 0.000 0.968 0.000 0.000
71 71 (0) 8 : 0.105 0.000 0.000 0.000 0.000 0.885 0.000 0.009
72 72 (0) 8 : 0.002 0.001 0.001 0.000 0.000 0.995 0.000 0.001
73 73 (0) 8 : 0.002 0.000 0.000 0.123 0.000 0.874 0.000 0.000
74 74 (0) 8 : 0.002 0.000 0.003 0.047 0.000 0.947 0.000 0.000
75 75 (0) 8 : 0.064 0.000 0.003 0.000 0.000 0.929 0.000 0.003
76 76 (0) 8 : 0.124 0.001 0.005 0.000 0.000 0.867 0.000 0.003
77 77 (0) 8 : 0.019 0.001 0.000 0.000 0.000 0.976 0.000 0.004
78 78 (0) 9 : 0.834 0.005 0.000 0.029 0.000 0.009 0.000 0.123
79 79 (0) 9 : 0.902 0.002 0.001 0.000 0.000 0.003 0.000 0.093
80 80 (0) 9 : 0.916 0.000 0.000 0.000 0.000 0.000 0.000 0.084
81 81 (0) 9 : 0.809 0.001 0.001 0.080 0.000 0.003 0.006 0.099
82 82 (0) 9 : 0.827 0.000 0.001 0.000 0.004 0.035 0.047 0.085
83 83 (0) 9 : 0.836 0.005 0.000 0.000 0.000 0.047 0.000 0.112
84 84 (0) 9 : 0.907 0.069 0.000 0.000 0.000 0.001 0.000 0.023
85 85 (0) 9 : 0.884 0.002 0.000 0.000 0.000 0.001 0.000 0.112
86 86 (0) 9 : 0.769 0.001 0.000 0.073 0.009 0.001 0.102 0.045
87 87 (0) 9 : 0.833 0.000 0.001 0.000 0.000 0.001 0.000 0.165
88 88 (0) 9 : 0.891 0.000 0.000 0.000 0.000 0.005 0.000 0.104
89 89 (0) 9 : 0.717 0.000 0.000 0.001 0.042 0.000 0.146 0.094
90 90 (0) 9 : 0.861 0.000 0.000 0.034 0.000 0.000 0.031 0.074
91 91 (0) 10 : 0.014 0.827 0.119 0.000 0.000 0.025 0.000 0.015
92 92 (0) 10 : 0.003 0.881 0.009 0.000 0.000 0.104 0.000 0.004
93 93 (0) 10 : 0.003 0.989 0.000 0.000 0.000 0.001 0.000 0.007
94 94 (0) 10 : 0.003 0.956 0.020 0.000 0.000 0.002 0.000 0.019
95 95 (0) 10 : 0.002 0.996 0.000 0.000 0.000 0.001 0.000 0.000
96 96 (0) 10 : 0.011 0.950 0.000 0.000 0.000 0.002 0.000 0.037
97 97 (0) 10 : 0.104 0.798 0.093 0.000 0.000 0.001 0.000 0.003
98 98 (0) 10 : 0.003 0.979 0.000 0.000 0.000 0.006 0.000 0.011
99 99 (0) 10 : 0.000 0.778 0.002 0.219 0.000 0.000 0.000 0.000
100 100 (0) 10 : 0.016 0.972 0.003 0.000 0.000 0.004 0.000 0.006
101 101 (0) 10 : 0.000 0.788 0.001 0.210 0.000 0.000 0.000 0.000
102 102 (0) 10 : 0.034 0.932 0.001 0.000 0.000 0.031 0.000 0.002
103 103 (0) 10 : 0.013 0.963 0.014 0.000 0.000 0.009 0.000 0.001
1 1 (0) 1 : 0.306 0.000 0.000 0.000 0.000 0.002 0.002 0.690
2 2 (0) 1 : 0.447 0.000 0.174 0.000 0.000 0.001 0.000 0.377
3 3 (0) 1 : 0.098 0.000 0.000 0.000 0.001 0.083 0.001 0.818
4 4 (0) 1 : 0.361 0.000 0.000 0.000 0.000 0.003 0.001 0.635
5 5 (0) 1 : 0.675 0.000 0.320 0.000 0.000 0.000 0.000 0.005
6 6 (0) 1 : 0.609 0.000 0.000 0.080 0.000 0.001 0.000 0.310
7 7 (0) 1 : 0.373 0.000 0.000 0.041 0.000 0.002 0.000 0.583
8 8 (0) 1 : 0.179 0.000 0.108 0.000 0.000 0.011 0.004 0.698
9 9 (0) 1 : 0.481 0.000 0.000 0.000 0.000 0.005 0.000 0.514
10 10 (0) 1 : 0.207 0.000 0.759 0.000 0.000 0.000 0.000 0.033
11 11 (0) 1 : 0.003 0.000 0.000 0.000 0.004 0.084 0.050 0.858
12 12 (0) 1 : 0.028 0.000 0.596 0.000 0.000 0.003 0.000 0.373
13 13 (0) 2 : 0.000 0.000 0.000 1.000 0.000 0.000 0.000 0.000
14 14 (0) 2 : 0.000 0.000 0.000 1.000 0.000 0.000 0.000 0.000
15 15 (0) 2 : 0.000 0.000 0.000 1.000 0.000 0.000 0.000 0.000
16 16 (0) 3 : 0.003 0.000 0.000 0.001 0.924 0.000 0.072 0.000
17 17 (0) 3 : 0.000 0.000 0.002 0.000 0.996 0.000 0.000 0.000
18 18 (0) 3 : 0.000 0.000 0.002 0.000 0.994 0.001 0.002 0.001
19 19 (0) 3 : 0.001 0.000 0.462 0.019 0.517 0.000 0.000 0.000
20 20 (0) 3 : 0.000 0.000 0.694 0.022 0.284 0.000 0.000 0.000
21 21 (0) 3 : 0.000 0.000 0.000 0.000 0.941 0.005 0.049 0.004
22 22 (0) 3 : 0.000 0.000 0.362 0.000 0.637 0.000 0.000 0.000
23 23 (0) 3 : 0.000 0.000 0.000 0.000 0.924 0.001 0.072 0.003
24 24 (0) 3 : 0.000 0.000 0.000 0.000 0.916 0.003 0.081 0.001
25 25 (0) 3 : 0.000 0.000 0.132 0.000 0.867 0.000 0.000 0.000
26 26 (0) 3 : 0.000 0.000 0.000 0.000 0.993 0.006 0.001 0.001
27 27 (0) 3 : 0.000 0.000 0.057 0.000 0.941 0.000 0.001 0.001
28 28 (0) 4 : 0.000 0.000 0.000 0.000 0.000 0.002 0.000 0.998
29 29 (0) 4 : 0.000 0.000 0.000 0.000 0.000 0.000 0.000 0.999
30 30 (0) 4 : 0.000 0.000 0.000 0.000 0.000 0.001 0.000 0.999
31 31 (0) 4 : 0.000 0.000 0.043 0.000 0.000 0.001 0.002 0.954
32 32 (0) 4 : 0.013 0.000 0.023 0.000 0.000 0.001 0.000 0.962
33 33 (0) 4 : 0.000 0.000 0.000 0.000 0.000 0.001 0.000 0.999
34 34 (0) 4 : 0.000 0.000 0.000 0.000 0.000 0.000 0.000 0.999
35 35 (0) 5 : 0.000 0.000 0.000 0.000 0.000 0.997 0.000 0.003
36 36 (0) 5 : 0.000 0.000 0.000 0.000 0.000 0.998 0.000 0.001
37 37 (0) 5 : 0.000 0.000 0.000 0.000 0.000 0.998 0.000 0.001
38 38 (0) 5 : 0.000 0.000 0.000 0.000 0.000 0.998 0.001 0.001
39 39 (0) 5 : 0.000 0.000 0.000 0.000 0.000 0.999 0.000 0.000
40 40 (0) 5 : 0.000 0.000 0.341 0.000 0.000 0.658 0.000 0.000
41 41 (0) 5 : 0.000 0.000 0.000 0.000 0.000 0.998 0.000 0.001
42 42 (0) 5 : 0.000 0.000 0.089 0.000 0.000 0.910 0.000 0.000
43 43 (0) 5 : 0.000 0.000 0.000 0.000 0.000 0.965 0.000 0.035
44 44 (0) 5 : 0.000 0.000 0.000 0.000 0.000 0.999 0.000 0.000
45 45 (0) 5 : 0.000 0.000 0.000 0.000 0.000 0.996 0.000 0.004
46 46 (0) 5 : 0.000 0.000 0.000 0.000 0.000 0.999 0.000 0.000
47 47 (0) 5 : 0.000 0.000 0.000 0.000 0.000 0.999 0.000 0.001
48 48 (0) 6 : 0.000 0.002 0.000 0.000 0.011 0.000 0.005 0.982
49 49 (0) 6 : 0.000 0.000 0.000 0.000 0.000 0.004 0.000 0.995
50 50 (0) 6 : 0.000 0.000 0.000 0.000 0.011 0.014 0.018 0.956
51 51 (0) 6 : 0.000 0.007 0.000 0.000 0.000 0.002 0.001 0.989
52 52 (0) 6 : 0.000 0.000 0.000 0.000 0.001 0.000 0.002 0.996
53 53 (0) 6 : 0.000 0.000 0.000 0.000 0.004 0.001 0.003 0.992
54 54 (0) 6 : 0.000 0.000 0.000 0.000 0.000 0.005 0.005 0.989
55 55 (0) 6 : 0.000 0.000 0.000 0.000 0.000 0.001 0.014 0.985
56 56 (0) 6 : 0.000 0.000 0.000 0.000 0.000 0.002 0.135 0.862
57 57 (0) 6 : 0.000 0.000 0.000 0.000 0.000 0.002 0.000 0.997
58 58 (0) 6 : 0.000 0.791 0.000 0.000 0.150 0.006 0.004 0.048
59 59 (0) 7 : 0.000 0.989 0.000 0.000 0.009 0.001 0.000 0.001
60 60 (0) 7 : 0.000 0.992 0.000 0.000 0.006 0.000 0.000 0.002
61 61 (0) 7 : 0.000 0.986 0.000 0.000 0.008 0.001 0.001 0.004
62 62 (0) 7 : 0.000 0.995 0.000 0.000 0.003 0.000 0.001 0.001
63 63 (0) 7 : 0.000 0.982 0.000 0.000 0.001 0.014 0.002 0.001
64 64 (0) 7 : 0.000 0.993 0.000 0.000 0.002 0.001 0.002 0.002
65 65 (0) 7 : 0.000 0.977 0.000 0.000 0.005 0.000 0.002 0.015
66 66 (0) 8 : 0.000 0.000 0.000 0.000 0.002 0.045 0.850 0.102
67 67 (0) 8 : 0.000 0.000 0.000 0.000 0.000 0.001 0.998 0.001
68 68 (0) 8 : 0.000 0.000 0.000 0.000 0.001 0.001 0.997 0.001
69 69 (0) 8 : 0.000 0.000 0.000 0.000 0.000 0.000 0.998 0.001
70 70 (0) 8 : 0.000 0.000 0.000 0.000 0.000 0.000 0.963 0.037
71 71 (0) 8 : 0.000 0.000 0.000 0.000 0.000 0.008 0.884 0.109
72 72 (0) 8 : 0.000 0.000 0.000 0.000 0.004 0.002 0.992 0.002
73 73 (0) 8 : 0.000 0.000 0.130 0.000 0.000 0.000 0.868 0.002
74 74 (0) 8 : 0.000 0.000 0.051 0.000 0.001 0.000 0.945 0.003
75 75 (0) 8 : 0.000 0.000 0.000 0.000 0.003 0.007 0.933 0.057
76 76 (0) 8 : 0.000 0.000 0.000 0.000 0.003 0.004 0.869 0.125
77 77 (0) 8 : 0.000 0.000 0.000 0.000 0.001 0.005 0.977 0.016
78 78 (0) 9 : 0.000 0.000 0.024 0.000 0.065 0.118 0.001 0.791
79 79 (0) 9 : 0.000 0.000 0.000 0.000 0.003 0.093 0.002 0.902
80 80 (0) 9 : 0.000 0.000 0.000 0.000 0.000 0.087 0.000 0.913
81 81 (0) 9 : 0.002 0.000 0.087 0.000 0.001 0.103 0.002 0.804
82 82 (0) 9 : 0.041 0.000 0.000 0.005 0.000 0.085 0.044 0.824
83 83 (0) 9 : 0.000 0.000 0.000 0.000 0.003 0.113 0.047 0.836
84 84 (0) 9 : 0.000 0.001 0.000 0.000 0.085 0.014 0.001 0.899
85 85 (0) 9 : 0.000 0.006 0.000 0.000 0.001 0.111 0.000 0.881
86 86 (0) 9 : 0.099 0.000 0.077 0.010 0.001 0.041 0.001 0.771
87 87 (0) 9 : 0.000 0.000 0.000 0.000 0.001 0.167 0.001 0.832
88 88 (0) 9 : 0.000 0.000 0.000 0.000 0.001 0.107 0.005 0.888
89 89 (0) 9 : 0.138 0.000 0.003 0.043 0.000 0.095 0.000 0.720
90 90 (0) 9 : 0.030 0.000 0.036 0.000 0.000 0.073 0.000 0.860
91 91 (0) 10 : 0.000 0.040 0.000 0.000 0.952 0.003 0.002 0.003
92 92 (0) 10 : 0.000 0.003 0.000 0.000 0.932 0.002 0.058 0.005
93 93 (0) 10 : 0.000 0.000 0.000 0.000 0.997 0.002 0.000 0.001
94 94 (0) 10 : 0.000 0.000 0.000 0.000 0.997 0.002 0.000 0.001
95 95 (0) 10 : 0.000 0.013 0.000 0.000 0.985 0.000 0.000 0.001
96 96 (0) 10 : 0.000 0.038 0.000 0.000 0.955 0.004 0.002 0.001
97 97 (0) 10 : 0.000 0.067 0.000 0.000 0.849 0.002 0.001 0.082
98 98 (0) 10 : 0.000 0.000 0.000 0.000 0.992 0.004 0.001 0.002
99 99 (0) 10 : 0.001 0.003 0.225 0.000 0.770 0.000 0.000 0.000
100 100 (0) 10 : 0.000 0.047 0.000 0.000 0.942 0.002 0.000 0.009
101 101 (0) 10 : 0.000 0.005 0.211 0.000 0.783 0.000 0.000 0.000
102 102 (0) 10 : 0.000 0.029 0.000 0.000 0.956 0.002 0.001 0.012
103 103 (0) 10 : 0.000 0.000 0.000 0.000 0.998 0.001 0.000 0.000
1 1 (0) 1 : 0.000 0.001 0.002 0.000 0.000 0.256 0.741 0.000
2 2 (0) 1 : 0.000 0.000 0.001 0.000 0.000 0.587 0.411 0.000
3 3 (0) 1 : 0.001 0.000 0.076 0.000 0.000 0.075 0.848 0.000
4 4 (0) 1 : 0.000 0.000 0.003 0.000 0.000 0.299 0.698 0.000
5 5 (0) 1 : 0.000 0.000 0.000 0.000 0.000 0.972 0.027 0.000
6 6 (0) 1 : 0.000 0.000 0.001 0.000 0.113 0.445 0.441 0.000
7 7 (0) 1 : 0.000 0.000 0.001 0.000 0.068 0.268 0.663 0.000
8 8 (0) 1 : 0.000 0.001 0.005 0.000 0.000 0.281 0.713 0.000
9 9 (0) 1 : 0.000 0.000 0.002 0.000 0.000 0.399 0.599 0.000
10 10 (0) 1 : 0.000 0.000 0.000 0.000 0.000 0.251 0.077 0.671
11 11 (0) 1 : 0.028 0.004 0.074 0.000 0.000 0.000 0.893 0.000
12 12 (0) 1 : 0.000 0.000 0.002 0.000 0.000 0.210 0.346 0.442
13 13 (0) 2 : 0.000 0.000 0.000 0.000 1.000 0.000 0.000 0.000
14 14 (0) 2 : 0.000 0.000 0.000 0.000 1.000 0.000 0.000 0.000
15 15 (0) 2 : 0.000 0.000 0.000 0.000 1.000 0.000 0.000 0.000
16 16 (0) 3 : 0.106 0.862 0.001 0.027 0.000 0.000 0.003 0.000
17 17 (0) 3 : 0.000 0.962 0.000 0.033 0.000 0.000 0.001 0.003
18 18 (0) 3 : 0.080 0.886 0.001 0.027 0.000 0.000 0.002 0.004
19 19 (0) 3 : 0.000 0.538 0.000 0.014 0.000 0.000 0.000 0.447
20 20 (0) 3 : 0.000 0.309 0.000 0.007 0.000 0.000 0.000 0.684
21 21 (0) 3 : 0.063 0.841 0.008 0.028 0.000 0.000 0.059 0.000
22 22 (0) 3 : 0.000 0.644 0.000 0.017 0.000 0.000 0.000 0.339
23 23 (0) 3 : 0.126 0.747 0.001 0.029 0.000 0.000 0.096 0.000
24 24 (0) 3 : 0.114 0.829 0.021 0.029 0.000 0.000 0.006 0.000
25 25 (0) 3 : 0.009 0.843 0.000 0.026 0.000 0.000 0.001 0.120
26 26 (0) 3 : 0.000 0.958 0.003 0.036 0.000 0.000 0.002 0.001
27 27 (0) 3 : 0.000 0.961 0.000 0.031 0.000 0.000 0.001 0.007
28 28 (0) 4 : 0.000 0.000 0.008 0.000 0.000 0.000 0.991 0.000
29 29 (0) 4 : 0.000 0.000 0.001 0.000 0.000 0.000 0.998 0.000
30 30 (0) 4 : 0.000 0.000 0.001 0.000 0.000 0.000 0.999 0.000
31 31 (0) 4 : 0.001 0.000 0.000 0.000 0.000 0.053 0.945 0.000
32 32 (0) 4 : 0.000 0.000 0.001 0.000 0.001 0.042 0.953 0.002
33 33 (0) 4 : 0.000 0.000 0.001 0.000 0.000 0.000 0.999 0.000
34 34 (0) 4 : 0.000 0.000 0.000 0.000 0.000 0.000 0.999 0.000
35 35 (0) 5 : 0.000 0.000 0.996 0.000 0.000 0.000 0.004 0.000
36 36 (0) 5 : 0.000 0.000 0.996 0.000 0.000 0.000 0.003 0.000
37 37 (0) 5 : 0.000 0.000 0.997 0.000 0.000 0.000 0.002 0.000
38 38 (0) 5 : 0.000 0.000 0.998 0.000 0.000 0.000 0.001 0.000
39 39 (0) 5 : 0.000 0.000 0.999 0.000 0.000 0.000 0.000 0.000
40 40 (0) 5 : 0.000 0.000 0.633 0.000 0.000 0.160 0.000 0.207
41 41 (0) 5 : 0.001 0.000 0.998 0.000 0.000 0.000 0.001 0.000
42 42 (0) 5 : 0.000 0.000 0.912 0.000 0.000 0.000 0.000 0.088
43 43 (0) 5 : 0.000 0.000 0.958 0.000 0.000 0.000 0.041 0.000
44 44 (0) 5 : 0.000 0.000 0.999 0.000 0.000 0.000 0.000 0.000
45 45 (0) 5 : 0.000 0.000 0.990 0.000 0.000 0.000 0.009 0.000
46 46 (0) 5 : 0.000 0.000 0.999 0.000 0.000 0.000 0.001 0.000
47 47 (0) 5 : 0.000 0.000 0.998 0.000 0.000 0.000 0.001 0.000
48 48 (0) 6 : 0.007 0.006 0.000 0.003 0.000 0.000 0.983 0.000
49 49 (0) 6 : 0.001 0.000 0.003 0.000 0.000 0.000 0.996 0.000
50 50 (0) 6 : 0.022 0.001 0.005 0.000 0.000 0.000 0.971 0.000
51 51 (0) 6 : 0.000 0.000 0.003 0.011 0.000 0.000 0.985 0.000
52 52 (0) 6 : 0.002 0.000 0.000 0.000 0.000 0.000 0.997 0.000
53 53 (0) 6 : 0.001 0.007 0.001 0.001 0.000 0.000 0.991 0.000
54 54 (0) 6 : 0.000 0.001 0.004 0.000 0.000 0.000 0.995 0.000
55 55 (0) 6 : 0.000 0.001 0.001 0.000 0.000 0.000 0.998 0.000
56 56 (0) 6 : 0.000 0.010 0.003 0.000 0.000 0.000 0.986 0.000
57 57 (0) 6 : 0.000 0.000 0.001 0.000 0.000 0.000 0.997 0.001
58 58 (0) 6 : 0.104 0.004 0.004 0.780 0.000 0.000 0.107 0.000
59 59 (0) 7 : 0.004 0.002 0.002 0.986 0.000 0.000 0.007 0.000
60 60 (0) 7 : 0.005 0.003 0.001 0.985 0.000 0.000 0.007 0.000
61 61 (0) 7 : 0.017 0.000 0.001 0.965 0.000 0.000 0.015 0.000
62 62 (0) 7 : 0.032 0.000 0.000 0.966 0.000 0.000 0.001 0.000
63 63 (0) 7 : 0.005 0.000 0.026 0.961 0.000 0.000 0.007 0.000
64 64 (0) 7 : 0.001 0.002 0.002 0.983 0.000 0.000 0.013 0.000
65 65 (0) 7 : 0.010 0.001 0.000 0.944 0.000 0.000 0.044 0.000
66 66 (0) 8 : 0.000 0.395 0.057 0.000 0.000 0.000 0.548 0.000
67 67 (0) 8 : 0.000 0.434 0.005 0.000 0.000 0.000 0.561 0.000
68 68 (0) 8 : 0.001 0.477 0.001 0.000 0.000 0.026 0.495 0.000
69 69 (0) 8 : 0.000 0.485 0.000 0.000 0.000 0.000 0.510 0.004
70 70 (0) 8 : 0.000 0.396 0.000 0.000 0.000 0.000 0.604 0.000
71 71 (0) 8 : 0.000 0.380 0.010 0.000 0.000 0.000 0.609 0.000
72 72 (0) 8 : 0.000 0.478 0.001 0.000 0.000 0.000 0.521 0.000
73 73 (0) 8 : 0.000 0.421 0.000 0.000 0.000 0.101 0.424 0.053
74 74 (0) 8 : 0.000 0.460 0.000 0.000 0.000 0.000 0.492 0.047
75 75 (0) 8 : 0.000 0.454 0.001 0.000 0.000 0.000 0.545 0.000
76 76 (0) 8 : 0.001 0.414 0.001 0.000 0.000 0.000 0.585 0.000
77 77 (0) 8 : 0.000 0.435 0.001 0.000 0.000 0.000 0.564 0.000
78 78 (0) 9 : 0.116 0.000 0.114 0.000 0.000 0.000 0.746 0.024
79 79 (0) 9 : 0.002 0.001 0.092 0.000 0.000 0.000 0.904 0.000
80 80 (0) 9 : 0.000 0.000 0.093 0.000 0.000 0.000 0.907 0.000
81 81 (0) 9 : 0.001 0.000 0.100 0.000 0.000 0.009 0.805 0.086
82 82 (0) 9 : 0.000 0.015 0.080 0.000 0.014 0.000 0.869 0.021
83 83 (0) 9 : 0.007 0.004 0.111 0.002 0.000 0.000 0.875 0.000
84 84 (0) 9 : 0.112 0.000 0.016 0.001 0.000 0.000 0.871 0.000
85 85 (0) 9 : 0.001 0.000 0.105 0.012 0.000 0.000 0.882 0.000
86 86 (0) 9 : 0.001 0.000 0.048 0.000 0.011 0.117 0.775 0.048
87 87 (0) 9 : 0.001 0.001 0.164 0.000 0.000 0.000 0.834 0.000
88 88 (0) 9 : 0.000 0.003 0.101 0.000 0.000 0.000 0.896 0.000
89 89 (0) 9 : 0.000 0.000 0.087 0.000 0.046 0.057 0.762 0.048
90 90 (0) 9 : 0.000 0.000 0.073 0.000 0.000 0.001 0.875 0.050
91 91 (0) 10 : 0.860 0.104 0.001 0.033 0.000 0.000 0.003 0.000
92 92 (0) 10 : 0.913 0.009 0.001 0.002 0.000 0.000 0.076 0.000
93 93 (0) 10 : 0.995 0.000 0.003 0.000 0.000 0.000 0.001 0.000
94 94 (0) 10 : 0.996 0.002 0.002 0.000 0.000 0.000 0.000 0.000
95 95 (0) 10 : 0.997 0.000 0.000 0.001 0.000 0.000 0.001 0.000
96 96 (0) 10 : 0.971 0.001 0.006 0.015 0.000 0.000 0.007 0.000
97 97 (0) 10 : 0.799 0.068 0.003 0.046 0.000 0.000 0.085 0.000
98 98 (0) 10 : 0.993 0.000 0.005 0.000 0.000 0.000 0.001 0.000
99 99 (0) 10 : 0.776 0.000 0.000 0.000 0.000 0.038 0.000 0.185
100 100 (0) 10 : 0.981 0.001 0.003 0.001 0.000 0.000 0.015 0.000
101 101 (0) 10 : 0.791 0.000 0.000 0.001 0.000 0.001 0.000 0.206
102 102 (0) 10 : 0.984 0.006 0.001 0.001 0.000 0.000 0.008 0.000
103 103 (0) 10 : 0.990 0.007 0.000 0.000 0.000 0.000 0.002 0.000
1 1 (0) 1 : 0.000 0.000 0.000 0.000 0.001 0.244 0.755 0.000
2 2 (0) 1 : 0.000 0.000 0.000 0.000 0.001 0.561 0.438 0.000
3 3 (0) 1 : 0.000 0.000 0.000 0.000 0.074 0.070 0.854 0.001
4 4 (0) 1 : 0.000 0.000 0.000 0.000 0.003 0.284 0.713 0.000
5 5 (0) 1 : 0.000 0.000 0.000 0.000 0.000 0.931 0.068 0.000
6 6 (0) 1 : 0.000 0.000 0.000 0.113 0.000 0.424 0.463 0.000
7 7 (0) 1 : 0.000 0.000 0.000 0.067 0.001 0.256 0.675 0.000
8 8 (0) 1 : 0.000 0.001 0.000 0.000 0.006 0.267 0.725 0.000
9 9 (0) 1 : 0.000 0.000 0.000 0.000 0.002 0.380 0.618 0.000
10 10 (0) 1 : 0.000 0.000 0.650 0.000 0.000 0.251 0.098 0.000
11 11 (0) 1 : 0.000 0.001 0.000 0.000 0.075 0.000 0.899 0.025
12 12 (0) 1 : 0.000 0.000 0.426 0.000 0.002 0.211 0.361 0.000
13 13 (0) 2 : 0.000 0.000 0.000 1.000 0.000 0.000 0.000 0.000
14 14 (0) 2 : 0.000 0.000 0.000 1.000 0.000 0.000 0.000 0.000
15 15 (0) 2 : 0.000 0.000 0.000 1.000 0.000 0.000 0.000 0.000
16 16 (0) 3 : 0.000 0.892 0.000 0.000 0.000 0.000 0.003 0.104
17 17 (0) 3 : 0.000 0.998 0.000 0.000 0.000 0.000 0.000 0.001
18 18 (0) 3 : 0.000 0.918 0.000 0.000 0.001 0.000 0.001 0.080
19 19 (0) 3 : 0.000 0.548 0.352 0.001 0.000 0.099 0.000 0.000
20 20 (0) 3 : 0.000 0.336 0.664 0.000 0.000 0.000 0.000 0.000
21 21 (0) 3 : 0.001 0.869 0.000 0.000 0.015 0.000 0.051 0.064
22 22 (0) 3 : 0.000 0.674 0.325 0.000 0.000 0.000 0.000 0.000
23 23 (0) 3 : 0.000 0.771 0.000 0.000 0.001 0.000 0.102 0.126
24 24 (0) 3 : 0.000 0.862 0.000 0.000 0.015 0.000 0.004 0.118
25 25 (0) 3 : 0.001 0.873 0.113 0.000 0.001 0.000 0.001 0.011
26 26 (0) 3 : 0.000 0.995 0.000 0.000 0.002 0.000 0.001 0.001
27 27 (0) 3 : 0.000 0.999 0.000 0.000 0.001 0.000 0.000 0.000
28 28 (0) 4 : 0.000 0.000 0.000 0.000 0.010 0.000 0.989 0.000
29 29 (0) 4 : 0.000 0.000 0.000 0.000 0.001 0.000 0.999 0.000
30 30 (0) 4 : 0.000 0.000 0.000 0.000 0.001 0.000 0.999 0.000
31 31 (0) 4 : 0.000 0.000 0.000 0.000 0.000 0.051 0.947 0.001
32 32 (0) 4 : 0.000 0.000 0.003 0.001 0.002 0.039 0.955 0.000
33 33 (0) 4 : 0.000 0.000 0.000 0.000 0.001 0.000 0.999 0.000
34 34 (0) 4 : 0.000 0.000 0.000 0.000 0.000 0.000 0.999 0.000
35 35 (0) 5 : 0.000 0.000 0.000 0.000 0.995 0.000 0.004 0.000
36 36 (0) 5 : 0.000 0.000 0.000 0.000 0.996 0.000 0.003 0.000
37 37 (0) 5 : 0.000 0.000 0.000 0.000 0.998 0.000 0.001 0.000
38 38 (0) 5 : 0.000 0.000 0.000 0.000 0.998 0.000 0.001 0.000
39 39 (0) 5 : 0.000 0.000 0.000 0.000 0.999 0.000 0.000 0.000
40 40 (0) 5 : 0.000 0.000 0.196 0.000 0.640 0.164 0.000 0.000
41 41 (0) 5 : 0.000 0.000 0.000 0.000 0.998 0.000 0.001 0.001
42 42 (0) 5 : 0.000 0.000 0.086 0.000 0.914 0.000 0.000 0.000
43 43 (0) 5 : 0.000 0.000 0.000 0.000 0.958 0.000 0.041 0.000
44 44 (0) 5 : 0.000 0.000 0.000 0.000 0.999 0.000 0.000 0.000
45 45 (0) 5 : 0.000 0.000 0.000 0.000 0.991 0.000 0.008 0.000
46 46 (0) 5 : 0.000 0.000 0.000 0.000 0.999 0.000 0.001 0.000
47 47 (0) 5 : 0.000 0.000 0.000 0.000 0.999 0.000 0.000 0.000
48 48 (0) 6 : 0.003 0.006 0.000 0.000 0.000 0.000 0.985 0.005
49 49 (0) 6 : 0.000 0.000 0.000 0.000 0.002 0.000 0.997 0.000
50 50 (0) 6 : 0.000 0.001 0.000 0.000 0.007 0.000 0.970 0.023
51 51 (0) 6 : 0.013 0.000 0.000 0.000 0.002 0.000 0.984 0.000
52 52 (0) 6 : 0.000 0.000 0.000 0.000 0.000 0.000 0.998 0.002
53 53 (0) 6 : 0.000 0.008 0.000 0.000 0.001 0.000 0.990 0.001
54 54 (0) 6 : 0.000 0.000 0.000 0.000 0.004 0.000 0.995 0.000
55 55 (0) 6 : 0.000 0.000 0.000 0.000 0.001 0.000 0.998 0.000
56 56 (0) 6 : 0.000 0.002 0.000 0.000 0.002 0.000 0.996 0.000
57 57 (0) 6 : 0.000 0.000 0.001 0.000 0.001 0.000 0.997 0.001
58 58 (0) 6 : 0.780 0.003 0.000 0.000 0.010 0.000 0.101 0.106
59 59 (0) 7 : 0.988 0.001 0.000 0.000 0.001 0.000 0.007 0.002
60 60 (0) 7 : 0.987 0.001 0.000 0.000 0.001 0.000 0.007 0.005
61 61 (0) 7 : 0.969 0.000 0.000 0.000 0.002 0.000 0.019 0.010
62 62 (0) 7 : 0.971 0.000 0.000 0.000 0.000 0.000 0.001 0.027
63 63 (0) 7 : 0.963 0.000 0.000 0.000 0.023 0.000 0.009 0.005
64 64 (0) 7 : 0.986 0.002 0.000 0.000 0.002 0.000 0.009 0.001
65 65 (0) 7 : 0.947 0.000 0.000 0.000 0.000 0.000 0.044 0.008
66 66 (0) 8 : 0.000 0.360 0.000 0.000 0.056 0.000 0.584 0.000
67 67 (0) 8 : 0.000 0.391 0.000 0.000 0.005 0.000 0.604 0.000
68 68 (0) 8 : 0.000 0.432 0.000 0.000 0.001 0.031 0.535 0.001
69 69 (0) 8 : 0.000 0.442 0.006 0.000 0.000 0.000 0.552 0.000
70 70 (0) 8 : 0.000 0.353 0.000 0.000 0.000 0.000 0.647 0.000
71 71 (0) 8 : 0.000 0.342 0.000 0.000 0.007 0.000 0.651 0.000
72 72 (0) 8 : 0.000 0.437 0.000 0.000 0.000 0.000 0.562 0.000
73 73 (0) 8 : 0.000 0.389 0.049 0.000 0.000 0.100 0.461 0.000
74 74 (0) 8 : 0.000 0.422 0.046 0.000 0.000 0.001 0.531 0.000
75 75 (0) 8 : 0.000 0.415 0.000 0.000 0.001 0.000 0.584 0.000
76 76 (0) 8 : 0.000 0.380 0.000 0.000 0.001 0.000 0.618 0.001
77 77 (0) 8 : 0.000 0.393 0.000 0.000 0.001 0.000 0.606 0.000
78 78 (0) 9 : 0.000 0.000 0.024 0.000 0.112 0.000 0.747 0.116
79 79 (0) 9 : 0.000 0.001 0.000 0.000 0.093 0.000 0.904 0.002
80 80 (0) 9 : 0.000 0.000 0.000 0.000 0.093 0.000 0.906 0.000
81 81 (0) 9 : 0.000 0.000 0.086 0.000 0.101 0.005 0.808 0.000
82 82 (0) 9 : 0.000 0.010 0.022 0.014 0.079 0.000 0.874 0.001
83 83 (0) 9 : 0.002 0.002 0.000 0.000 0.110 0.000 0.879 0.008
84 84 (0) 9 : 0.001 0.000 0.000 0.000 0.019 0.000 0.869 0.111
85 85 (0) 9 : 0.013 0.001 0.000 0.000 0.106 0.000 0.880 0.000
86 86 (0) 9 : 0.000 0.000 0.046 0.011 0.049 0.112 0.781 0.001
87 87 (0) 9 : 0.000 0.001 0.000 0.000 0.164 0.000 0.835 0.000
88 88 (0) 9 : 0.000 0.001 0.000 0.000 0.101 0.000 0.898 0.000
89 89 (0) 9 : 0.000 0.000 0.048 0.046 0.086 0.054 0.766 0.000
90 90 (0) 9 : 0.000 0.000 0.048 0.000 0.075 0.002 0.874 0.000
91 91 (0) 10 : 0.030 0.106 0.000 0.000 0.002 0.000 0.003 0.860
92 92 (0) 10 : 0.001 0.008 0.000 0.000 0.001 0.000 0.076 0.913
93 93 (0) 10 : 0.000 0.001 0.000 0.000 0.003 0.000 0.001 0.995
94 94 (0) 10 : 0.000 0.002 0.000 0.000 0.003 0.000 0.000 0.994
95 95 (0) 10 : 0.001 0.000 0.000 0.000 0.000 0.000 0.001 0.998
96 96 (0) 10 : 0.015 0.001 0.000 0.000 0.008 0.000 0.006 0.970
97 97 (0) 10 : 0.040 0.072 0.000 0.000 0.005 0.000 0.082 0.801
98 98 (0) 10 : 0.000 0.000 0.000 0.000 0.008 0.000 0.001 0.990
99 99 (0) 10 : 0.000 0.000 0.165 0.000 0.000 0.060 0.000 0.775
100 100 (0) 10 : 0.001 0.001 0.000 0.000 0.003 0.000 0.016 0.979
101 101 (0) 10 : 0.001 0.001 0.199 0.000 0.000 0.003 0.000 0.796
102 102 (0) 10 : 0.002 0.006 0.000 0.000 0.001 0.000 0.008 0.983
103 103 (0) 10 : 0.000 0.006 0.000 0.000 0.000 0.000 0.002 0.991
