1:	0.5360 0.0131 0.0014 0.0145 0.0001 0.0023 0.1008 0.3318 	12
2:	0.0000 1.0000 0.0000 0.0000 0.0000 0.0000 0.0000 0.0000 	3
3:	0.0121 0.0017 0.3549 0.0039 0.0090 0.3272 0.2645 0.0267 	12
4:	0.9861 0.0001 0.0001 0.0013 0.0000 0.0002 0.0039 0.0083 	7
5:	0.0040 0.0000 0.0000 0.9620 0.0000 0.0000 0.0219 0.0121 	13
6:	0.8989 0.0000 0.0109 0.0031 0.0764 0.0105 0.0002 0.0000 	11
7:	0.0070 0.0000 0.0057 0.0028 0.9837 0.0008 0.0001 0.0000 	7
8:	0.2457 0.0000 0.0007 0.0060 0.0001 0.7305 0.0095 0.0076 	12
9:	0.8458 0.0052 0.0142 0.0909 0.0020 0.0053 0.0154 0.0213 	13
10:	0.0123 0.0000 0.7471 0.0033 0.1896 0.0110 0.0279 0.0088 	13
