1 1 (0) 1 : 0.860 0.000 0.003 0.000 0.136
2 2 (0) 1 : 0.659 0.001 0.003 0.000 0.336
3 3 (0) 1 : 0.933 0.002 0.061 0.000 0.004
4 4 (0) 1 : 0.840 0.000 0.011 0.000 0.149
5 5 (0) 1 : 0.422 0.000 0.000 0.000 0.578
6 6 (0) 1 : 0.642 0.000 0.001 0.000 0.358
7 7 (0) 1 : 0.781 0.000 0.003 0.000 0.215
8 8 (0) 1 : 0.839 0.001 0.006 0.000 0.153
9 9 (0) 1 : 0.790 0.000 0.004 0.000 0.206
10 10 (0) 1 : 0.296 0.000 0.001 0.000 0.703
11 11 (0) 1 : 0.914 0.004 0.082 0.000 0.000
12 12 (0) 1 : 0.496 0.000 0.010 0.000 0.494
13 13 (0) 2 : 0.000 0.000 0.000 0.000 1.000
14 14 (0) 2 : 0.000 0.000 0.000 0.000 1.000
15 15 (0) 2 : 0.000 0.000 0.000 0.000 1.000
16 16 (0) 3 : 0.005 0.988 0.005 0.000 0.001
17 17 (0) 3 : 0.000 0.997 0.000 0.000 0.003
18 18 (0) 3 : 0.001 0.998 0.001 0.000 0.000
19 19 (0) 3 : 0.000 0.615 0.000 0.000 0.385
20 20 (0) 3 : 0.000 0.424 0.000 0.000 0.576
21 21 (0) 3 : 0.045 0.938 0.017 0.000 0.000
22 22 (0) 3 : 0.000 0.728 0.000 0.000 0.271
23 23 (0) 3 : 0.069 0.928 0.002 0.001 0.000
24 24 (0) 3 : 0.002 0.953 0.044 0.000 0.000
25 25 (0) 3 : 0.000 0.906 0.001 0.000 0.093
26 26 (0) 3 : 0.001 0.991 0.008 0.000 0.000
27 27 (0) 3 : 0.001 0.970 0.001 0.000 0.028
28 28 (0) 4 : 0.961 0.000 0.039 0.000 0.000
29 29 (0) 4 : 0.995 0.000 0.003 0.001 0.000
30 30 (0) 4 : 0.995 0.000 0.004 0.000 0.000
31 31 (0) 4 : 0.969 0.001 0.001 0.000 0.028
32 32 (0) 4 : 0.961 0.000 0.006 0.000 0.033
33 33 (0) 4 : 0.997 0.000 0.002 0.000 0.000
34 34 (0) 4 : 0.999 0.000 0.001 0.000 0.000
35 35 (0) 5 : 0.005 0.000 0.995 0.000 0.000
36 36 (0) 5 : 0.003 0.000 0.996 0.000 0.000
37 37 (0) 5 : 0.003 0.000 0.996 0.000 0.000
38 38 (0) 5 : 0.004 0.000 0.996 0.000 0.000
39 39 (0) 5 : 0.001 0.000 0.998 0.000 0.000
40 40 (0) 5 : 0.000 0.000 0.716 0.000 0.283
41 41 (0) 5 : 0.002 0.001 0.997 0.000 0.000
42 42 (0) 5 : 0.000 0.000 0.928 0.000 0.072
43 43 (0) 5 : 0.037 0.000 0.962 0.000 0.000
44 44 (0) 5 : 0.000 0.000 0.999 0.000 0.000
45 45 (0) 5 : 0.009 0.000 0.990 0.000 0.000
46 46 (0) 5 : 0.001 0.000 0.999 0.000 0.000
47 47 (0) 5 : 0.001 0.000 0.998 0.000 0.000
48 48 (0) 6 : 0.980 0.015 0.001 0.004 0.000
49 49 (0) 6 : 0.991 0.001 0.008 0.001 0.000
50 50 (0) 6 : 0.972 0.012 0.015 0.000 0.000
51 51 (0) 6 : 0.979 0.000 0.009 0.013 0.000
52 52 (0) 6 : 0.998 0.001 0.001 0.000 0.000
53 53 (0) 6 : 0.995 0.002 0.003 0.000 0.000
54 54 (0) 6 : 0.973 0.000 0.026 0.000 0.000
55 55 (0) 6 : 0.998 0.000 0.002 0.000 0.000
56 56 (0) 6 : 0.992 0.000 0.008 0.000 0.000
57 57 (0) 6 : 0.997 0.000 0.003 0.000 0.000
58 58 (0) 6 : 0.066 0.177 0.011 0.746 0.000
59 59 (0) 7 : 0.004 0.075 0.002 0.919 0.000
60 60 (0) 7 : 0.005 0.079 0.001 0.915 0.000
61 61 (0) 7 : 0.017 0.054 0.004 0.926 0.000
62 62 (0) 7 : 0.002 0.064 0.001 0.934 0.000
63 63 (0) 7 : 0.009 0.022 0.045 0.924 0.000
64 64 (0) 7 : 0.033 0.023 0.008 0.936 0.000
65 65 (0) 7 : 0.052 0.043 0.001 0.904 0.000
66 66 (0) 8 : 0.752 0.201 0.046 0.000 0.000
67 67 (0) 8 : 0.773 0.219 0.007 0.000 0.000
68 68 (0) 8 : 0.758 0.217 0.000 0.000 0.024
69 69 (0) 8 : 0.745 0.238 0.000 0.000 0.017
70 70 (0) 8 : 0.837 0.162 0.000 0.000 0.000
71 71 (0) 8 : 0.808 0.185 0.007 0.000 0.000
72 72 (0) 8 : 0.766 0.233 0.000 0.000 0.000
73 73 (0) 8 : 0.695 0.188 0.001 0.000 0.116
74 74 (0) 8 : 0.718 0.237 0.000 0.000 0.044
75 75 (0) 8 : 0.774 0.225 0.000 0.000 0.000
76 76 (0) 8 : 0.747 0.251 0.001 0.000 0.000
77 77 (0) 8 : 0.774 0.225 0.001 0.000 0.000
78 78 (0) 9 : 0.749 0.120 0.130 0.000 0.000
79 79 (0) 9 : 0.897 0.004 0.099 0.001 0.000
80 80 (0) 9 : 0.883 0.000 0.116 0.000 0.000
81 81 (0) 9 : 0.818 0.002 0.107 0.000 0.072
82 82 (0) 9 : 0.865 0.003 0.098 0.000 0.033
83 83 (0) 9 : 0.868 0.005 0.125 0.002 0.000
84 84 (0) 9 : 0.894 0.085 0.018 0.003 0.000
85 85 (0) 9 : 0.872 0.001 0.119 0.008 0.000
86 86 (0) 9 : 0.822 0.001 0.058 0.000 0.119
87 87 (0) 9 : 0.808 0.001 0.190 0.000 0.000
88 88 (0) 9 : 0.899 0.001 0.100 0.000 0.000
89 89 (0) 9 : 0.777 0.000 0.105 0.000 0.118
90 90 (0) 9 : 0.877 0.000 0.082 0.000 0.041
91 91 (0) 10 : 0.006 0.937 0.009 0.048 0.000
92 92 (0) 10 : 0.088 0.905 0.002 0.005 0.000
93 93 (0) 10 : 0.004 0.984 0.011 0.000 0.000
94 94 (0) 10 : 0.003 0.974 0.023 0.001 0.000
95 95 (0) 10 : 0.002 0.965 0.000 0.032 0.000
96 96 (0) 10 : 0.004 0.924 0.026 0.046 0.000
97 97 (0) 10 : 0.095 0.815 0.009 0.081 0.000
98 98 (0) 10 : 0.009 0.978 0.012 0.001 0.000
99 99 (0) 10 : 0.001 0.783 0.001 0.034 0.182
100 100 (0) 10 : 0.021 0.900 0.012 0.067 0.000
101 101 (0) 10 : 0.001 0.811 0.000 0.018 0.170
102 102 (0) 10 : 0.030 0.924 0.006 0.040 0.000
103 103 (0) 10 : 0.011 0.986 0.002 0.001 0.000
1 1 (0) 1 : 0.002 0.864 0.000 0.002 0.132
2 2 (0) 1 : 0.000 0.669 0.000 0.002 0.328
3 3 (0) 1 : 0.000 0.952 0.002 0.046 0.000
4 4 (0) 1 : 0.001 0.852 0.000 0.004 0.143
5 5 (0) 1 : 0.000 0.422 0.000 0.000 0.577
6 6 (0) 1 : 0.001 0.637 0.000 0.000 0.362
7 7 (0) 1 : 0.001 0.782 0.000 0.002 0.215
8 8 (0) 1 : 0.004 0.840 0.001 0.004 0.152
9 9 (0) 1 : 0.001 0.790 0.000 0.005 0.204
10 10 (0) 1 : 0.000 0.289 0.000 0.000 0.710
11 11 (0) 1 : 0.011 0.908 0.001 0.080 0.000
12 12 (0) 1 : 0.000 0.497 0.000 0.005 0.498
13 13 (0) 2 : 0.000 0.000 0.000 0.000 1.000
14 14 (0) 2 : 0.000 0.000 0.000 0.000 1.000
15 15 (0) 2 : 0.000 0.000 0.000 0.000 1.000
16 16 (0) 3 : 0.275 0.000 0.702 0.001 0.021
17 17 (0) 3 : 0.245 0.000 0.727 0.001 0.026
18 18 (0) 3 : 0.232 0.001 0.766 0.001 0.000
19 19 (0) 3 : 0.135 0.000 0.458 0.000 0.407
20 20 (0) 3 : 0.001 0.000 0.384 0.000 0.615
21 21 (0) 3 : 0.250 0.002 0.745 0.003 0.000
22 22 (0) 3 : 0.171 0.000 0.534 0.000 0.295
23 23 (0) 3 : 0.227 0.001 0.771 0.001 0.000
24 24 (0) 3 : 0.227 0.001 0.763 0.009 0.000
25 25 (0) 3 : 0.223 0.000 0.675 0.001 0.101
26 26 (0) 3 : 0.183 0.001 0.810 0.006 0.000
27 27 (0) 3 : 0.222 0.000 0.730 0.001 0.047
28 28 (0) 4 : 0.000 0.993 0.000 0.007 0.000
29 29 (0) 4 : 0.000 0.998 0.000 0.001 0.000
30 30 (0) 4 : 0.000 0.998 0.000 0.001 0.000
31 31 (0) 4 : 0.004 0.985 0.001 0.001 0.009
32 32 (0) 4 : 0.000 0.974 0.000 0.001 0.025
33 33 (0) 4 : 0.001 0.998 0.000 0.001 0.000
34 34 (0) 4 : 0.000 0.999 0.000 0.000 0.000
35 35 (0) 5 : 0.000 0.004 0.000 0.995 0.000
36 36 (0) 5 : 0.000 0.003 0.000 0.996 0.000
37 37 (0) 5 : 0.001 0.004 0.000 0.995 0.000
38 38 (0) 5 : 0.001 0.002 0.000 0.998 0.000
39 39 (0) 5 : 0.001 0.001 0.000 0.998 0.000
40 40 (0) 5 : 0.000 0.000 0.000 0.713 0.287
41 41 (0) 5 : 0.001 0.002 0.000 0.998 0.000
42 42 (0) 5 : 0.000 0.000 0.000 0.927 0.073
43 43 (0) 5 : 0.001 0.032 0.000 0.967 0.000
44 44 (0) 5 : 0.000 0.000 0.000 0.999 0.000
45 45 (0) 5 : 0.000 0.009 0.000 0.990 0.000
46 46 (0) 5 : 0.000 0.001 0.000 0.999 0.000
47 47 (0) 5 : 0.000 0.002 0.000 0.998 0.000
48 48 (0) 6 : 0.006 0.975 0.018 0.000 0.000
49 49 (0) 6 : 0.001 0.994 0.001 0.005 0.000
50 50 (0) 6 : 0.023 0.952 0.004 0.021 0.000
51 51 (0) 6 : 0.001 0.990 0.004 0.005 0.000
52 52 (0) 6 : 0.004 0.993 0.001 0.001 0.000
53 53 (0) 6 : 0.002 0.994 0.002 0.002 0.000
54 54 (0) 6 : 0.009 0.980 0.000 0.011 0.000
55 55 (0) 6 : 0.005 0.992 0.000 0.002 0.000
56 56 (0) 6 : 0.117 0.880 0.000 0.003 0.000
57 57 (0) 6 : 0.001 0.992 0.000 0.007 0.000
58 58 (0) 6 : 0.001 0.009 0.989 0.001 0.000
59 59 (0) 7 : 0.000 0.000 0.999 0.001 0.000
60 60 (0) 7 : 0.000 0.001 0.999 0.000 0.000
61 61 (0) 7 : 0.001 0.002 0.997 0.001 0.000
62 62 (0) 7 : 0.000 0.000 0.999 0.000 0.000
63 63 (0) 7 : 0.001 0.001 0.994 0.004 0.000
64 64 (0) 7 : 0.001 0.001 0.998 0.000 0.000
65 65 (0) 7 : 0.001 0.016 0.982 0.000 0.000
66 66 (0) 8 : 0.847 0.095 0.000 0.058 0.000
67 67 (0) 8 : 0.995 0.003 0.000 0.002 0.000
68 68 (0) 8 : 0.993 0.002 0.003 0.001 0.000
69 69 (0) 8 : 0.998 0.001 0.000 0.000 0.000
70 70 (0) 8 : 0.939 0.060 0.000 0.001 0.000
71 71 (0) 8 : 0.867 0.115 0.000 0.018 0.000
72 72 (0) 8 : 0.986 0.010 0.002 0.002 0.000
73 73 (0) 8 : 0.869 0.027 0.000 0.001 0.103
74 74 (0) 8 : 0.993 0.005 0.001 0.001 0.000
75 75 (0) 8 : 0.916 0.081 0.001 0.002 0.000
76 76 (0) 8 : 0.859 0.134 0.001 0.006 0.000
77 77 (0) 8 : 0.948 0.048 0.001 0.003 0.000
78 78 (0) 9 : 0.004 0.855 0.013 0.127 0.000
79 79 (0) 9 : 0.003 0.903 0.004 0.090 0.000
80 80 (0) 9 : 0.000 0.904 0.000 0.095 0.000
81 81 (0) 9 : 0.009 0.832 0.002 0.089 0.068
82 82 (0) 9 : 0.055 0.829 0.000 0.087 0.028
83 83 (0) 9 : 0.020 0.851 0.006 0.123 0.000
84 84 (0) 9 : 0.002 0.929 0.062 0.008 0.000
85 85 (0) 9 : 0.001 0.874 0.003 0.122 0.000
86 86 (0) 9 : 0.001 0.838 0.001 0.043 0.117
87 87 (0) 9 : 0.001 0.817 0.001 0.181 0.000
88 88 (0) 9 : 0.010 0.891 0.000 0.098 0.000
89 89 (0) 9 : 0.001 0.795 0.000 0.089 0.115
90 90 (0) 9 : 0.001 0.891 0.000 0.072 0.035
91 91 (0) 10 : 0.031 0.034 0.917 0.018 0.000
92 92 (0) 10 : 0.080 0.017 0.899 0.004 0.000
93 93 (0) 10 : 0.001 0.018 0.970 0.012 0.000
94 94 (0) 10 : 0.002 0.006 0.979 0.013 0.000
95 95 (0) 10 : 0.001 0.002 0.997 0.001 0.000
96 96 (0) 10 : 0.005 0.003 0.947 0.044 0.000
97 97 (0) 10 : 0.008 0.108 0.877 0.007 0.000
98 98 (0) 10 : 0.010 0.010 0.972 0.008 0.000
99 99 (0) 10 : 0.001 0.001 0.807 0.000 0.190
100 100 (0) 10 : 0.002 0.028 0.964 0.006 0.000
101 101 (0) 10 : 0.001 0.000 0.819 0.000 0.180
102 102 (0) 10 : 0.021 0.038 0.938 0.004 0.000
103 103 (0) 10 : 0.008 0.017 0.974 0.001 0.000
1 1 (0) 1 : 0.003 0.862 0.000 0.132 0.002
2 2 (0) 1 : 0.001 0.669 0.000 0.328 0.002
3 3 (0) 1 : 0.000 0.948 0.002 0.000 0.050
4 4 (0) 1 : 0.001 0.851 0.000 0.143 0.005
5 5 (0) 1 : 0.000 0.423 0.000 0.577 0.000
6 6 (0) 1 : 0.001 0.637 0.000 0.361 0.001
7 7 (0) 1 : 0.001 0.782 0.000 0.215 0.002
8 8 (0) 1 : 0.007 0.837 0.001 0.151 0.004
9 9 (0) 1 : 0.002 0.787 0.000 0.203 0.007
10 10 (0) 1 : 0.000 0.289 0.000 0.710 0.000
11 11 (0) 1 : 0.011 0.906 0.002 0.000 0.081
12 12 (0) 1 : 0.000 0.496 0.000 0.497 0.006
13 13 (0) 2 : 0.000 0.000 0.000 1.000 0.000
14 14 (0) 2 : 0.000 0.000 0.000 1.000 0.000
15 15 (0) 2 : 0.000 0.000 0.000 1.000 0.000
16 16 (0) 3 : 0.279 0.000 0.698 0.022 0.000
17 17 (0) 3 : 0.249 0.000 0.724 0.026 0.001
18 18 (0) 3 : 0.237 0.000 0.761 0.001 0.000
19 19 (0) 3 : 0.137 0.000 0.456 0.407 0.000
20 20 (0) 3 : 0.001 0.000 0.384 0.614 0.000
21 21 (0) 3 : 0.252 0.001 0.744 0.000 0.003
22 22 (0) 3 : 0.174 0.000 0.530 0.295 0.000
23 23 (0) 3 : 0.231 0.001 0.766 0.000 0.001
24 24 (0) 3 : 0.227 0.001 0.760 0.000 0.012
25 25 (0) 3 : 0.225 0.001 0.672 0.102 0.001
26 26 (0) 3 : 0.186 0.001 0.808 0.000 0.006
27 27 (0) 3 : 0.225 0.001 0.725 0.047 0.001
28 28 (0) 4 : 0.000 0.993 0.000 0.000 0.007
29 29 (0) 4 : 0.001 0.998 0.001 0.000 0.001
30 30 (0) 4 : 0.000 0.998 0.000 0.000 0.002
31 31 (0) 4 : 0.003 0.984 0.001 0.011 0.001
32 32 (0) 4 : 0.000 0.974 0.000 0.024 0.002
33 33 (0) 4 : 0.000 0.998 0.000 0.000 0.001
34 34 (0) 4 : 0.000 0.999 0.000 0.000 0.000
35 35 (0) 5 : 0.000 0.003 0.000 0.000 0.996
36 36 (0) 5 : 0.000 0.003 0.000 0.000 0.996
37 37 (0) 5 : 0.001 0.003 0.000 0.000 0.996
38 38 (0) 5 : 0.001 0.001 0.000 0.000 0.998
39 39 (0) 5 : 0.001 0.000 0.000 0.000 0.999
40 40 (0) 5 : 0.000 0.000 0.000 0.287 0.713
41 41 (0) 5 : 0.001 0.001 0.000 0.000 0.998
42 42 (0) 5 : 0.000 0.000 0.000 0.073 0.927
43 43 (0) 5 : 0.001 0.034 0.000 0.000 0.965
44 44 (0) 5 : 0.000 0.000 0.000 0.000 0.999
45 45 (0) 5 : 0.000 0.010 0.000 0.000 0.989
46 46 (0) 5 : 0.000 0.001 0.000 0.000 0.999
47 47 (0) 5 : 0.000 0.002 0.000 0.000 0.998
48 48 (0) 6 : 0.007 0.975 0.018 0.000 0.000
49 49 (0) 6 : 0.001 0.990 0.001 0.000 0.009
50 50 (0) 6 : 0.024 0.949 0.003 0.000 0.024
51 51 (0) 6 : 0.001 0.990 0.004 0.000 0.005
52 52 (0) 6 : 0.004 0.993 0.001 0.000 0.001
53 53 (0) 6 : 0.002 0.994 0.002 0.000 0.002
54 54 (0) 6 : 0.009 0.978 0.000 0.000 0.013
55 55 (0) 6 : 0.005 0.991 0.000 0.000 0.003
56 56 (0) 6 : 0.117 0.880 0.000 0.000 0.003
57 57 (0) 6 : 0.001 0.991 0.000 0.000 0.008
58 58 (0) 6 : 0.001 0.010 0.988 0.000 0.002
59 59 (0) 7 : 0.000 0.000 0.999 0.000 0.001
60 60 (0) 7 : 0.000 0.001 0.999 0.000 0.000
61 61 (0) 7 : 0.001 0.002 0.997 0.000 0.001
62 62 (0) 7 : 0.000 0.000 0.999 0.000 0.000
63 63 (0) 7 : 0.001 0.001 0.993 0.000 0.005
64 64 (0) 7 : 0.001 0.000 0.998 0.000 0.000
65 65 (0) 7 : 0.001 0.016 0.981 0.000 0.001
66 66 (0) 8 : 0.848 0.094 0.001 0.000 0.057
67 67 (0) 8 : 0.996 0.001 0.000 0.000 0.003
68 68 (0) 8 : 0.994 0.003 0.002 0.000 0.001
69 69 (0) 8 : 0.998 0.002 0.000 0.000 0.000
70 70 (0) 8 : 0.944 0.055 0.000 0.000 0.001
71 71 (0) 8 : 0.869 0.114 0.000 0.000 0.017
72 72 (0) 8 : 0.987 0.008 0.002 0.000 0.003
73 73 (0) 8 : 0.866 0.031 0.000 0.103 0.001
74 74 (0) 8 : 0.992 0.005 0.001 0.000 0.001
75 75 (0) 8 : 0.919 0.075 0.001 0.000 0.005
76 76 (0) 8 : 0.861 0.129 0.001 0.000 0.008
77 77 (0) 8 : 0.950 0.043 0.002 0.000 0.005
78 78 (0) 9 : 0.006 0.847 0.022 0.000 0.125
79 79 (0) 9 : 0.003 0.902 0.005 0.000 0.090
80 80 (0) 9 : 0.000 0.904 0.000 0.000 0.096
81 81 (0) 9 : 0.012 0.829 0.001 0.067 0.090
82 82 (0) 9 : 0.056 0.828 0.000 0.028 0.088
83 83 (0) 9 : 0.020 0.849 0.007 0.000 0.124
84 84 (0) 9 : 0.002 0.925 0.065 0.000 0.008
85 85 (0) 9 : 0.001 0.874 0.004 0.000 0.121
86 86 (0) 9 : 0.001 0.833 0.001 0.117 0.047
87 87 (0) 9 : 0.001 0.815 0.001 0.000 0.183
88 88 (0) 9 : 0.007 0.893 0.000 0.000 0.100
89 89 (0) 9 : 0.000 0.796 0.000 0.115 0.088
90 90 (0) 9 : 0.001 0.893 0.000 0.035 0.071
91 91 (0) 10 : 0.029 0.029 0.921 0.000 0.020
92 92 (0) 10 : 0.077 0.015 0.902 0.000 0.006
93 93 (0) 10 : 0.001 0.007 0.977 0.000 0.015
94 94 (0) 10 : 0.002 0.004 0.977 0.000 0.017
95 95 (0) 10 : 0.001 0.002 0.997 0.000 0.000
96 96 (0) 10 : 0.004 0.002 0.950 0.000 0.044
97 97 (0) 10 : 0.007 0.111 0.874 0.000 0.008
98 98 (0) 10 : 0.008 0.019 0.966 0.000 0.007
99 99 (0) 10 : 0.001 0.002 0.807 0.190 0.001
100 100 (0) 10 : 0.001 0.027 0.961 0.000 0.010
101 101 (0) 10 : 0.001 0.001 0.819 0.179 0.000
102 102 (0) 10 : 0.023 0.037 0.937 0.000 0.003
103 103 (0) 10 : 0.008 0.020 0.971 0.000 0.001
1 1 (0) 1 : 0.004 0.160 0.836 0.000 0.000
2 2 (0) 1 : 0.003 0.391 0.606 0.000 0.000
3 3 (0) 1 : 0.084 0.033 0.882 0.001 0.000
4 4 (0) 1 : 0.010 0.181 0.809 0.000 0.000
5 5 (0) 1 : 0.001 0.660 0.339 0.000 0.000
6 6 (0) 1 : 0.001 0.286 0.601 0.000 0.113
7 7 (0) 1 : 0.003 0.166 0.758 0.000 0.073
8 8 (0) 1 : 0.015 0.184 0.801 0.000 0.000
9 9 (0) 1 : 0.006 0.237 0.754 0.000 0.003
10 10 (0) 1 : 0.000 0.792 0.207 0.000 0.000
11 11 (0) 1 : 0.087 0.000 0.906 0.006 0.000
12 12 (0) 1 : 0.009 0.548 0.443 0.000 0.000
13 13 (0) 2 : 0.000 0.000 0.000 0.000 1.000
14 14 (0) 2 : 0.000 0.000 0.000 0.000 1.000
15 15 (0) 2 : 0.000 0.000 0.000 0.000 1.000
16 16 (0) 3 : 0.009 0.006 0.027 0.953 0.005
17 17 (0) 3 : 0.001 0.002 0.001 0.986 0.010
18 18 (0) 3 : 0.003 0.005 0.006 0.985 0.000
19 19 (0) 3 : 0.000 0.430 0.000 0.568 0.001
20 20 (0) 3 : 0.000 0.626 0.000 0.349 0.025
21 21 (0) 3 : 0.006 0.000 0.092 0.902 0.000
22 22 (0) 3 : 0.000 0.319 0.000 0.681 0.000
23 23 (0) 3 : 0.001 0.000 0.099 0.899 0.000
24 24 (0) 3 : 0.071 0.000 0.009 0.920 0.000
25 25 (0) 3 : 0.001 0.123 0.001 0.875 0.000
26 26 (0) 3 : 0.024 0.000 0.003 0.973 0.000
27 27 (0) 3 : 0.002 0.057 0.003 0.939 0.000
28 28 (0) 4 : 0.042 0.000 0.957 0.000 0.000
29 29 (0) 4 : 0.004 0.000 0.995 0.001 0.000
30 30 (0) 4 : 0.006 0.000 0.994 0.000 0.000
31 31 (0) 4 : 0.001 0.039 0.960 0.000 0.000
32 32 (0) 4 : 0.010 0.036 0.952 0.000 0.001
33 33 (0) 4 : 0.002 0.000 0.998 0.000 0.000
34 34 (0) 4 : 0.001 0.000 0.999 0.000 0.000
35 35 (0) 5 : 0.992 0.000 0.008 0.000 0.000
36 36 (0) 5 : 0.995 0.000 0.005 0.000 0.000
37 37 (0) 5 : 0.995 0.000 0.005 0.000 0.000
38 38 (0) 5 : 0.996 0.000 0.004 0.000 0.000
39 39 (0) 5 : 0.998 0.000 0.001 0.000 0.000
40 40 (0) 5 : 0.692 0.308 0.000 0.000 0.000
41 41 (0) 5 : 0.996 0.000 0.004 0.000 0.000
42 42 (0) 5 : 0.920 0.080 0.000 0.000 0.000
43 43 (0) 5 : 0.954 0.000 0.046 0.000 0.000
44 44 (0) 5 : 0.999 0.000 0.000 0.000 0.000
45 45 (0) 5 : 0.987 0.000 0.013 0.000 0.000
46 46 (0) 5 : 0.999 0.000 0.001 0.000 0.000
47 47 (0) 5 : 0.998 0.000 0.001 0.000 0.000
48 48 (0) 6 : 0.001 0.000 0.981 0.019 0.000
49 49 (0) 6 : 0.013 0.000 0.986 0.001 0.000
50 50 (0) 6 : 0.023 0.000 0.973 0.003 0.000
51 51 (0) 6 : 0.015 0.000 0.984 0.001 0.000
52 52 (0) 6 : 0.000 0.000 0.998 0.001 0.000
53 53 (0) 6 : 0.003 0.000 0.996 0.001 0.000
54 54 (0) 6 : 0.031 0.000 0.969 0.000 0.000
55 55 (0) 6 : 0.002 0.000 0.998 0.000 0.000
56 56 (0) 6 : 0.012 0.000 0.988 0.000 0.000
57 57 (0) 6 : 0.004 0.000 0.995 0.000 0.000
58 58 (0) 6 : 0.001 0.000 0.007 0.991 0.000
59 59 (0) 7 : 0.000 0.000 0.000 0.999 0.000
60 60 (0) 7 : 0.000 0.000 0.000 0.999 0.000
61 61 (0) 7 : 0.001 0.000 0.001 0.998 0.000
62 62 (0) 7 : 0.000 0.000 0.000 0.999 0.000
63 63 (0) 7 : 0.004 0.000 0.002 0.993 0.001
64 64 (0) 7 : 0.000 0.000 0.001 0.999 0.000
65 65 (0) 7 : 0.000 0.000 0.026 0.974 0.000
66 66 (0) 8 : 0.016 0.000 0.836 0.147 0.000
67 67 (0) 8 : 0.002 0.000 0.859 0.138 0.000
68 68 (0) 8 : 0.000 0.033 0.818 0.149 0.000
69 69 (0) 8 : 0.000 0.028 0.849 0.122 0.000
70 70 (0) 8 : 0.000 0.000 0.902 0.098 0.000
71 71 (0) 8 : 0.003 0.000 0.881 0.115 0.000
72 72 (0) 8 : 0.000 0.000 0.841 0.159 0.000
73 73 (0) 8 : 0.001 0.133 0.752 0.114 0.000
74 74 (0) 8 : 0.000 0.059 0.802 0.138 0.000
75 75 (0) 8 : 0.001 0.000 0.854 0.145 0.000
76 76 (0) 8 : 0.001 0.000 0.811 0.188 0.000
77 77 (0) 8 : 0.001 0.000 0.840 0.159 0.000
78 78 (0) 9 : 0.148 0.030 0.821 0.002 0.000
79 79 (0) 9 : 0.105 0.000 0.892 0.003 0.000
80 80 (0) 9 : 0.119 0.000 0.880 0.000 0.000
81 81 (0) 9 : 0.116 0.087 0.797 0.000 0.000
82 82 (0) 9 : 0.104 0.015 0.863 0.001 0.017
83 83 (0) 9 : 0.123 0.000 0.866 0.011 0.000
84 84 (0) 9 : 0.043 0.000 0.885 0.071 0.000
85 85 (0) 9 : 0.119 0.000 0.874 0.007 0.000
86 86 (0) 9 : 0.067 0.119 0.800 0.001 0.012
87 87 (0) 9 : 0.188 0.000 0.811 0.001 0.000
88 88 (0) 9 : 0.106 0.000 0.893 0.000 0.000
89 89 (0) 9 : 0.109 0.081 0.764 0.000 0.046
90 90 (0) 9 : 0.089 0.051 0.859 0.000 0.000
91 91 (0) 10 : 0.011 0.000 0.052 0.937 0.000
92 92 (0) 10 : 0.002 0.000 0.098 0.900 0.000
93 93 (0) 10 : 0.007 0.000 0.008 0.985 0.000
94 94 (0) 10 : 0.008 0.000 0.023 0.969 0.000
95 95 (0) 10 : 0.000 0.000 0.004 0.996 0.000
96 96 (0) 10 : 0.038 0.000 0.006 0.956 0.000
97 97 (0) 10 : 0.006 0.000 0.116 0.877 0.000
98 98 (0) 10 : 0.008 0.000 0.021 0.970 0.000
99 99 (0) 10 : 0.000 0.206 0.001 0.793 0.000
100 100 (0) 10 : 0.008 0.000 0.018 0.973 0.000
101 101 (0) 10 : 0.000 0.191 0.000 0.808 0.000
102 102 (0) 10 : 0.002 0.000 0.065 0.933 0.000
103 103 (0) 10 : 0.001 0.000 0.027 0.971 0.000
1 1 (0) 1 : 0.136 0.000 0.003 0.861 0.000
2 2 (0) 1 : 0.336 0.000 0.004 0.659 0.000
3 3 (0) 1 : 0.003 0.000 0.062 0.933 0.002
4 4 (0) 1 : 0.149 0.000 0.010 0.841 0.000
5 5 (0) 1 : 0.578 0.000 0.001 0.422 0.000
6 6 (0) 1 : 0.358 0.000 0.001 0.641 0.000
7 7 (0) 1 : 0.215 0.000 0.003 0.782 0.000
8 8 (0) 1 : 0.153 0.000 0.005 0.841 0.001
9 9 (0) 1 : 0.205 0.000 0.009 0.785 0.000
10 10 (0) 1 : 0.702 0.000 0.001 0.297 0.000
11 11 (0) 1 : 0.000 0.000 0.082 0.914 0.004
12 12 (0) 1 : 0.493 0.000 0.013 0.493 0.000
13 13 (0) 2 : 1.000 0.000 0.000 0.000 0.000
14 14 (0) 2 : 1.000 0.000 0.000 0.000 0.000
15 15 (0) 2 : 1.000 0.000 0.000 0.000 0.000
16 16 (0) 3 : 0.002 0.000 0.005 0.008 0.985
17 17 (0) 3 : 0.002 0.000 0.001 0.000 0.997
18 18 (0) 3 : 0.000 0.000 0.001 0.001 0.998
19 19 (0) 3 : 0.383 0.000 0.000 0.000 0.616
20 20 (0) 3 : 0.574 0.000 0.000 0.000 0.426
21 21 (0) 3 : 0.000 0.000 0.030 0.031 0.938
22 22 (0) 3 : 0.270 0.000 0.000 0.000 0.730
23 23 (0) 3 : 0.000 0.000 0.002 0.075 0.923
24 24 (0) 3 : 0.000 0.000 0.049 0.001 0.950
25 25 (0) 3 : 0.092 0.000 0.001 0.000 0.907
26 26 (0) 3 : 0.000 0.000 0.010 0.001 0.989
27 27 (0) 3 : 0.018 0.000 0.001 0.001 0.980
28 28 (0) 4 : 0.000 0.000 0.030 0.969 0.000
29 29 (0) 4 : 0.000 0.001 0.004 0.995 0.000
30 30 (0) 4 : 0.000 0.000 0.004 0.995 0.000
31 31 (0) 4 : 0.028 0.000 0.001 0.969 0.001
32 32 (0) 4 : 0.033 0.000 0.004 0.963 0.000
33 33 (0) 4 : 0.000 0.000 0.002 0.998 0.000
34 34 (0) 4 : 0.000 0.000 0.001 0.999 0.000
35 35 (0) 5 : 0.000 0.000 0.996 0.004 0.000
36 36 (0) 5 : 0.000 0.000 0.997 0.003 0.000
37 37 (0) 5 : 0.000 0.000 0.996 0.003 0.001
38 38 (0) 5 : 0.000 0.000 0.997 0.003 0.000
39 39 (0) 5 : 0.000 0.000 0.999 0.001 0.000
40 40 (0) 5 : 0.283 0.000 0.717 0.000 0.000
41 41 (0) 5 : 0.000 0.000 0.997 0.002 0.001
42 42 (0) 5 : 0.072 0.000 0.928 0.000 0.000
43 43 (0) 5 : 0.000 0.000 0.963 0.037 0.000
44 44 (0) 5 : 0.000 0.000 0.999 0.000 0.000
45 45 (0) 5 : 0.000 0.000 0.991 0.008 0.000
46 46 (0) 5 : 0.000 0.000 0.999 0.001 0.000
47 47 (0) 5 : 0.000 0.000 0.998 0.002 0.000
48 48 (0) 6 : 0.000 0.003 0.001 0.981 0.015
49 49 (0) 6 : 0.000 0.001 0.008 0.991 0.001
50 50 (0) 6 : 0.000 0.000 0.011 0.973 0.015
51 51 (0) 6 : 0.000 0.013 0.006 0.980 0.000
52 52 (0) 6 : 0.000 0.000 0.001 0.998 0.001
53 53 (0) 6 : 0.000 0.000 0.002 0.995 0.003
54 54 (0) 6 : 0.000 0.000 0.022 0.977 0.000
55 55 (0) 6 : 0.000 0.000 0.002 0.998 0.000
56 56 (0) 6 : 0.000 0.000 0.007 0.993 0.000
57 57 (0) 6 : 0.000 0.000 0.002 0.997 0.000
58 58 (0) 6 : 0.000 0.753 0.009 0.080 0.159
59 59 (0) 7 : 0.000 0.931 0.003 0.005 0.062
60 60 (0) 7 : 0.000 0.931 0.002 0.008 0.060
61 61 (0) 7 : 0.000 0.940 0.002 0.028 0.030
62 62 (0) 7 : 0.000 0.946 0.002 0.004 0.048
63 63 (0) 7 : 0.000 0.931 0.042 0.015 0.011
64 64 (0) 7 : 0.000 0.942 0.008 0.038 0.012
65 65 (0) 7 : 0.000 0.916 0.001 0.060 0.023
66 66 (0) 8 : 0.000 0.000 0.042 0.757 0.200
67 67 (0) 8 : 0.000 0.000 0.006 0.775 0.219
68 68 (0) 8 : 0.024 0.001 0.000 0.760 0.216
69 69 (0) 8 : 0.017 0.000 0.000 0.745 0.238
70 70 (0) 8 : 0.000 0.000 0.000 0.838 0.161
71 71 (0) 8 : 0.000 0.000 0.005 0.810 0.185
72 72 (0) 8 : 0.000 0.000 0.001 0.766 0.233
73 73 (0) 8 : 0.115 0.000 0.000 0.695 0.189
74 74 (0) 8 : 0.044 0.000 0.000 0.719 0.236
75 75 (0) 8 : 0.000 0.000 0.001 0.775 0.224
76 76 (0) 8 : 0.000 0.000 0.001 0.748 0.251
77 77 (0) 8 : 0.000 0.000 0.001 0.777 0.222
78 78 (0) 9 : 0.000 0.000 0.129 0.750 0.120
79 79 (0) 9 : 0.000 0.001 0.099 0.896 0.005
80 80 (0) 9 : 0.000 0.000 0.115 0.884 0.000
81 81 (0) 9 : 0.071 0.000 0.107 0.819 0.003
82 82 (0) 9 : 0.033 0.000 0.098 0.866 0.002
83 83 (0) 9 : 0.000 0.002 0.123 0.871 0.004
84 84 (0) 9 : 0.000 0.001 0.020 0.893 0.085
85 85 (0) 9 : 0.000 0.009 0.117 0.873 0.001
86 86 (0) 9 : 0.119 0.000 0.057 0.823 0.001
87 87 (0) 9 : 0.000 0.000 0.188 0.810 0.001
88 88 (0) 9 : 0.000 0.000 0.100 0.899 0.001
89 89 (0) 9 : 0.118 0.000 0.103 0.779 0.000
90 90 (0) 9 : 0.041 0.000 0.081 0.878 0.000
91 91 (0) 10 : 0.000 0.048 0.010 0.010 0.932
92 92 (0) 10 : 0.000 0.006 0.003 0.088 0.903
93 93 (0) 10 : 0.000 0.000 0.012 0.002 0.985
94 94 (0) 10 : 0.000 0.001 0.032 0.002 0.966
95 95 (0) 10 : 0.000 0.032 0.000 0.003 0.965
96 96 (0) 10 : 0.000 0.046 0.030 0.005 0.919
97 97 (0) 10 : 0.000 0.083 0.007 0.100 0.810
98 98 (0) 10 : 0.000 0.001 0.012 0.014 0.973
99 99 (0) 10 : 0.181 0.034 0.001 0.001 0.783
100 100 (0) 10 : 0.000 0.070 0.016 0.017 0.897
101 101 (0) 10 : 0.170 0.018 0.000 0.000 0.812
102 102 (0) 10 : 0.000 0.040 0.006 0.037 0.918
103 103 (0) 10 : 0.000 0.001 0.002 0.017 0.979
