1 1 (0) 1 : 0.000 0.001 0.000 0.000 0.184 0.000 0.814
2 2 (0) 1 : 0.000 0.001 0.000 0.000 0.445 0.000 0.554
3 3 (0) 1 : 0.000 0.063 0.000 0.003 0.039 0.000 0.895
4 4 (0) 1 : 0.000 0.003 0.000 0.000 0.206 0.000 0.791
5 5 (0) 1 : 0.000 0.000 0.000 0.000 0.745 0.000 0.254
6 6 (0) 1 : 0.000 0.000 0.113 0.000 0.324 0.000 0.563
7 7 (0) 1 : 0.000 0.001 0.073 0.000 0.190 0.000 0.736
8 8 (0) 1 : 0.000 0.004 0.000 0.000 0.212 0.000 0.783
9 9 (0) 1 : 0.000 0.001 0.002 0.000 0.274 0.000 0.723
10 10 (0) 1 : 0.000 0.000 0.000 0.000 0.884 0.000 0.115
11 11 (0) 1 : 0.000 0.066 0.000 0.022 0.000 0.000 0.911
12 12 (0) 1 : 0.000 0.002 0.000 0.000 0.615 0.000 0.382
13 13 (0) 2 : 0.000 0.000 1.000 0.000 0.000 0.000 0.000
14 14 (0) 2 : 0.000 0.000 1.000 0.000 0.000 0.000 0.000
15 15 (0) 2 : 0.000 0.000 1.000 0.000 0.000 0.000 0.000
16 16 (0) 3 : 0.886 0.001 0.000 0.106 0.000 0.000 0.006
17 17 (0) 3 : 0.998 0.001 0.000 0.001 0.000 0.000 0.000
18 18 (0) 3 : 0.912 0.001 0.000 0.085 0.000 0.000 0.002
19 19 (0) 3 : 0.561 0.000 0.001 0.000 0.437 0.000 0.000
20 20 (0) 3 : 0.347 0.000 0.030 0.000 0.623 0.000 0.000
21 21 (0) 3 : 0.856 0.016 0.000 0.058 0.000 0.000 0.069
22 22 (0) 3 : 0.675 0.000 0.000 0.000 0.324 0.000 0.000
23 23 (0) 3 : 0.760 0.001 0.000 0.123 0.000 0.000 0.115
24 24 (0) 3 : 0.845 0.029 0.000 0.120 0.000 0.000 0.005
25 25 (0) 3 : 0.872 0.001 0.000 0.008 0.118 0.000 0.001
26 26 (0) 3 : 0.992 0.005 0.000 0.001 0.000 0.000 0.001
27 27 (0) 3 : 0.998 0.001 0.000 0.000 0.000 0.000 0.001
28 28 (0) 4 : 0.000 0.006 0.000 0.000 0.000 0.000 0.993
29 29 (0) 4 : 0.000 0.001 0.000 0.000 0.000 0.000 0.998
30 30 (0) 4 : 0.000 0.001 0.000 0.000 0.000 0.000 0.999
31 31 (0) 4 : 0.000 0.001 0.000 0.001 0.045 0.000 0.953
32 32 (0) 4 : 0.000 0.002 0.001 0.000 0.039 0.000 0.958
33 33 (0) 4 : 0.000 0.001 0.000 0.000 0.000 0.000 0.999
34 34 (0) 4 : 0.000 0.000 0.000 0.000 0.000 0.000 0.999
35 35 (0) 5 : 0.000 0.995 0.000 0.000 0.000 0.000 0.004
36 36 (0) 5 : 0.000 0.996 0.000 0.000 0.000 0.000 0.004
37 37 (0) 5 : 0.000 0.997 0.000 0.001 0.000 0.000 0.002
38 38 (0) 5 : 0.000 0.998 0.000 0.000 0.000 0.000 0.001
39 39 (0) 5 : 0.000 0.999 0.000 0.000 0.000 0.000 0.001
40 40 (0) 5 : 0.000 0.657 0.000 0.000 0.343 0.000 0.000
41 41 (0) 5 : 0.000 0.998 0.000 0.001 0.000 0.000 0.001
42 42 (0) 5 : 0.000 0.910 0.000 0.000 0.089 0.000 0.000
43 43 (0) 5 : 0.000 0.957 0.000 0.000 0.000 0.000 0.042
44 44 (0) 5 : 0.000 0.999 0.000 0.000 0.000 0.000 0.000
45 45 (0) 5 : 0.000 0.989 0.000 0.000 0.000 0.000 0.010
46 46 (0) 5 : 0.000 0.999 0.000 0.000 0.000 0.000 0.001
47 47 (0) 5 : 0.000 0.999 0.000 0.000 0.000 0.000 0.001
48 48 (0) 6 : 0.007 0.000 0.000 0.006 0.000 0.003 0.984
49 49 (0) 6 : 0.000 0.002 0.000 0.000 0.000 0.000 0.997
50 50 (0) 6 : 0.001 0.006 0.000 0.021 0.000 0.000 0.972
51 51 (0) 6 : 0.000 0.002 0.000 0.000 0.000 0.012 0.985
52 52 (0) 6 : 0.000 0.000 0.000 0.002 0.000 0.000 0.997
53 53 (0) 6 : 0.004 0.001 0.000 0.001 0.000 0.000 0.994
54 54 (0) 6 : 0.000 0.005 0.000 0.000 0.000 0.000 0.995
55 55 (0) 6 : 0.000 0.001 0.000 0.000 0.000 0.000 0.999
56 56 (0) 6 : 0.001 0.002 0.000 0.000 0.000 0.000 0.997
57 57 (0) 6 : 0.000 0.002 0.000 0.000 0.000 0.000 0.997
58 58 (0) 6 : 0.003 0.004 0.000 0.101 0.000 0.777 0.115
59 59 (0) 7 : 0.001 0.001 0.000 0.006 0.000 0.984 0.007
60 60 (0) 7 : 0.002 0.001 0.000 0.004 0.000 0.987 0.007
61 61 (0) 7 : 0.000 0.001 0.000 0.017 0.000 0.967 0.015
62 62 (0) 7 : 0.000 0.000 0.000 0.031 0.000 0.967 0.001
63 63 (0) 7 : 0.000 0.026 0.000 0.003 0.000 0.958 0.013
64 64 (0) 7 : 0.002 0.003 0.000 0.001 0.000 0.983 0.012
65 65 (0) 7 : 0.000 0.000 0.000 0.005 0.000 0.943 0.051
66 66 (0) 8 : 0.349 0.063 0.000 0.000 0.000 0.000 0.587
67 67 (0) 8 : 0.379 0.006 0.000 0.000 0.000 0.000 0.615
68 68 (0) 8 : 0.419 0.001 0.000 0.001 0.022 0.000 0.557
69 69 (0) 8 : 0.442 0.000 0.000 0.000 0.001 0.000 0.556
70 70 (0) 8 : 0.341 0.000 0.000 0.000 0.000 0.000 0.659
71 71 (0) 8 : 0.329 0.011 0.000 0.000 0.000 0.000 0.660
72 72 (0) 8 : 0.425 0.000 0.000 0.001 0.000 0.000 0.574
73 73 (0) 8 : 0.377 0.000 0.000 0.000 0.133 0.000 0.489
74 74 (0) 8 : 0.413 0.000 0.000 0.000 0.050 0.000 0.536
75 75 (0) 8 : 0.404 0.001 0.000 0.000 0.000 0.000 0.595
76 76 (0) 8 : 0.372 0.001 0.000 0.000 0.000 0.000 0.627
77 77 (0) 8 : 0.381 0.001 0.000 0.000 0.000 0.000 0.618
78 78 (0) 9 : 0.000 0.116 0.000 0.158 0.003 0.000 0.723
79 79 (0) 9 : 0.001 0.086 0.000 0.002 0.000 0.000 0.910
80 80 (0) 9 : 0.000 0.092 0.000 0.000 0.000 0.000 0.908
81 81 (0) 9 : 0.000 0.094 0.000 0.001 0.097 0.000 0.808
82 82 (0) 9 : 0.017 0.076 0.017 0.000 0.012 0.000 0.878
83 83 (0) 9 : 0.001 0.108 0.000 0.006 0.000 0.002 0.883
84 84 (0) 9 : 0.000 0.005 0.000 0.115 0.000 0.001 0.878
85 85 (0) 9 : 0.000 0.106 0.000 0.001 0.000 0.009 0.884
86 86 (0) 9 : 0.000 0.044 0.012 0.001 0.135 0.000 0.806
87 87 (0) 9 : 0.001 0.164 0.000 0.001 0.000 0.000 0.834
88 88 (0) 9 : 0.001 0.096 0.000 0.000 0.000 0.000 0.903
89 89 (0) 9 : 0.000 0.079 0.047 0.000 0.091 0.000 0.783
90 90 (0) 9 : 0.000 0.071 0.000 0.000 0.057 0.000 0.871
91 91 (0) 10 : 0.100 0.002 0.000 0.861 0.000 0.030 0.007
92 92 (0) 10 : 0.006 0.001 0.000 0.908 0.000 0.001 0.084
93 93 (0) 10 : 0.000 0.003 0.000 0.994 0.000 0.000 0.002
94 94 (0) 10 : 0.001 0.005 0.000 0.993 0.000 0.000 0.000
95 95 (0) 10 : 0.000 0.000 0.000 0.997 0.000 0.001 0.002
96 96 (0) 10 : 0.001 0.014 0.000 0.971 0.000 0.012 0.003
97 97 (0) 10 : 0.069 0.004 0.000 0.793 0.000 0.042 0.092
98 98 (0) 10 : 0.000 0.008 0.000 0.990 0.000 0.000 0.002
99 99 (0) 10 : 0.000 0.000 0.000 0.778 0.221 0.000 0.000
100 100 (0) 10 : 0.001 0.003 0.000 0.975 0.000 0.001 0.020
101 101 (0) 10 : 0.001 0.000 0.000 0.781 0.217 0.001 0.000
102 102 (0) 10 : 0.008 0.001 0.000 0.977 0.000 0.001 0.013
103 103 (0) 10 : 0.007 0.000 0.000 0.990 0.000 0.000 0.002
1 1 (0) 1 : 0.754 0.000 0.000 0.001 0.000 0.244 0.000
2 2 (0) 1 : 0.498 0.168 0.000 0.001 0.000 0.333 0.000
3 3 (0) 1 : 0.853 0.000 0.000 0.070 0.000 0.076 0.000
4 4 (0) 1 : 0.711 0.000 0.000 0.003 0.000 0.286 0.000
5 5 (0) 1 : 0.171 0.286 0.000 0.000 0.000 0.542 0.000
6 6 (0) 1 : 0.434 0.000 0.079 0.001 0.000 0.487 0.000
7 7 (0) 1 : 0.665 0.000 0.038 0.001 0.000 0.295 0.000
8 8 (0) 1 : 0.771 0.109 0.000 0.005 0.000 0.115 0.000
9 9 (0) 1 : 0.623 0.000 0.000 0.001 0.000 0.376 0.000
10 10 (0) 1 : 0.212 0.788 0.000 0.000 0.000 0.000 0.000
11 11 (0) 1 : 0.907 0.000 0.000 0.077 0.013 0.002 0.001
12 12 (0) 1 : 0.451 0.546 0.000 0.003 0.000 0.000 0.000
13 13 (0) 2 : 0.000 0.000 1.000 0.000 0.000 0.000 0.000
14 14 (0) 2 : 0.000 0.000 1.000 0.000 0.000 0.000 0.000
15 15 (0) 2 : 0.000 0.000 1.000 0.000 0.000 0.000 0.000
16 16 (0) 3 : 0.061 0.000 0.000 0.001 0.044 0.000 0.894
17 17 (0) 3 : 0.001 0.000 0.000 0.001 0.001 0.000 0.998
18 18 (0) 3 : 0.017 0.000 0.000 0.002 0.047 0.000 0.934
19 19 (0) 3 : 0.000 0.359 0.002 0.000 0.000 0.047 0.592
20 20 (0) 3 : 0.000 0.603 0.003 0.000 0.000 0.000 0.394
21 21 (0) 3 : 0.115 0.000 0.000 0.004 0.013 0.000 0.868
22 22 (0) 3 : 0.000 0.298 0.000 0.000 0.000 0.000 0.701
23 23 (0) 3 : 0.151 0.000 0.000 0.001 0.081 0.000 0.766
24 24 (0) 3 : 0.073 0.000 0.000 0.017 0.048 0.000 0.862
25 25 (0) 3 : 0.005 0.105 0.000 0.001 0.007 0.000 0.882
26 26 (0) 3 : 0.004 0.000 0.000 0.003 0.000 0.000 0.992
27 27 (0) 3 : 0.003 0.000 0.000 0.001 0.000 0.000 0.995
28 28 (0) 4 : 0.992 0.000 0.000 0.008 0.000 0.000 0.000
29 29 (0) 4 : 0.999 0.000 0.000 0.001 0.000 0.000 0.000
30 30 (0) 4 : 0.999 0.000 0.000 0.001 0.000 0.000 0.000
31 31 (0) 4 : 0.959 0.039 0.000 0.001 0.000 0.000 0.000
32 32 (0) 4 : 0.953 0.017 0.001 0.002 0.000 0.027 0.000
33 33 (0) 4 : 0.999 0.000 0.000 0.001 0.000 0.000 0.000
34 34 (0) 4 : 0.999 0.000 0.000 0.000 0.000 0.000 0.000
35 35 (0) 5 : 0.007 0.000 0.000 0.993 0.000 0.000 0.000
36 36 (0) 5 : 0.003 0.000 0.000 0.996 0.000 0.000 0.000
37 37 (0) 5 : 0.003 0.000 0.000 0.996 0.000 0.000 0.000
38 38 (0) 5 : 0.002 0.000 0.000 0.998 0.000 0.000 0.000
39 39 (0) 5 : 0.001 0.000 0.000 0.999 0.000 0.000 0.000
40 40 (0) 5 : 0.000 0.299 0.000 0.690 0.000 0.010 0.000
41 41 (0) 5 : 0.002 0.000 0.000 0.997 0.000 0.000 0.000
42 42 (0) 5 : 0.000 0.079 0.000 0.921 0.000 0.000 0.000
43 43 (0) 5 : 0.043 0.000 0.000 0.956 0.000 0.000 0.000
44 44 (0) 5 : 0.000 0.000 0.000 1.000 0.000 0.000 0.000
45 45 (0) 5 : 0.014 0.000 0.000 0.986 0.000 0.000 0.000
46 46 (0) 5 : 0.001 0.000 0.000 0.998 0.000 0.000 0.000
47 47 (0) 5 : 0.001 0.000 0.000 0.999 0.000 0.000 0.000
48 48 (0) 6 : 0.982 0.000 0.000 0.000 0.012 0.000 0.006
49 49 (0) 6 : 0.996 0.000 0.000 0.003 0.001 0.000 0.000
50 50 (0) 6 : 0.981 0.000 0.000 0.010 0.007 0.000 0.002
51 51 (0) 6 : 0.986 0.000 0.000 0.003 0.011 0.000 0.000
52 52 (0) 6 : 0.998 0.000 0.000 0.000 0.001 0.000 0.000
53 53 (0) 6 : 0.986 0.000 0.000 0.001 0.000 0.000 0.012
54 54 (0) 6 : 0.994 0.000 0.000 0.006 0.000 0.000 0.001
55 55 (0) 6 : 0.999 0.000 0.000 0.001 0.000 0.000 0.000
56 56 (0) 6 : 0.995 0.000 0.000 0.003 0.000 0.000 0.002
57 57 (0) 6 : 0.997 0.000 0.000 0.002 0.000 0.001 0.000
58 58 (0) 6 : 0.063 0.000 0.000 0.003 0.933 0.000 0.001
59 59 (0) 7 : 0.002 0.000 0.000 0.001 0.996 0.000 0.001
60 60 (0) 7 : 0.001 0.000 0.000 0.000 0.998 0.000 0.000
61 61 (0) 7 : 0.007 0.000 0.000 0.002 0.991 0.000 0.000
62 62 (0) 7 : 0.000 0.000 0.000 0.000 0.999 0.000 0.000
63 63 (0) 7 : 0.004 0.000 0.000 0.009 0.987 0.000 0.000
64 64 (0) 7 : 0.001 0.000 0.000 0.000 0.998 0.000 0.000
65 65 (0) 7 : 0.048 0.000 0.000 0.000 0.951 0.000 0.000
66 66 (0) 8 : 0.619 0.000 0.000 0.048 0.000 0.000 0.332
67 67 (0) 8 : 0.635 0.000 0.000 0.003 0.000 0.000 0.361
68 68 (0) 8 : 0.578 0.012 0.000 0.001 0.000 0.010 0.399
69 69 (0) 8 : 0.606 0.018 0.000 0.000 0.000 0.000 0.375
70 70 (0) 8 : 0.681 0.000 0.000 0.000 0.000 0.000 0.318
71 71 (0) 8 : 0.685 0.000 0.000 0.005 0.000 0.000 0.310
72 72 (0) 8 : 0.599 0.000 0.000 0.000 0.000 0.000 0.401
73 73 (0) 8 : 0.526 0.114 0.000 0.000 0.000 0.002 0.357
74 74 (0) 8 : 0.568 0.046 0.000 0.000 0.000 0.000 0.385
75 75 (0) 8 : 0.615 0.000 0.000 0.000 0.000 0.000 0.384
76 76 (0) 8 : 0.648 0.000 0.000 0.001 0.000 0.000 0.351
77 77 (0) 8 : 0.639 0.000 0.000 0.000 0.000 0.000 0.360
78 78 (0) 9 : 0.840 0.031 0.000 0.125 0.004 0.000 0.000
79 79 (0) 9 : 0.901 0.000 0.000 0.097 0.001 0.000 0.002
80 80 (0) 9 : 0.898 0.000 0.000 0.101 0.000 0.000 0.000
81 81 (0) 9 : 0.804 0.069 0.000 0.100 0.000 0.026 0.000
82 82 (0) 9 : 0.845 0.001 0.001 0.092 0.000 0.052 0.009
83 83 (0) 9 : 0.873 0.000 0.000 0.109 0.017 0.000 0.001
84 84 (0) 9 : 0.883 0.000 0.000 0.043 0.073 0.000 0.000
85 85 (0) 9 : 0.883 0.000 0.000 0.108 0.008 0.000 0.000
86 86 (0) 9 : 0.785 0.068 0.009 0.055 0.001 0.081 0.000
87 87 (0) 9 : 0.831 0.000 0.000 0.168 0.000 0.000 0.001
88 88 (0) 9 : 0.901 0.000 0.000 0.098 0.000 0.000 0.001
89 89 (0) 9 : 0.725 0.002 0.040 0.108 0.000 0.124 0.000
90 90 (0) 9 : 0.858 0.032 0.000 0.077 0.000 0.032 0.000
91 91 (0) 10 : 0.115 0.000 0.000 0.009 0.741 0.000 0.134
92 92 (0) 10 : 0.185 0.000 0.000 0.001 0.785 0.000 0.029
93 93 (0) 10 : 0.130 0.000 0.000 0.002 0.867 0.000 0.001
94 94 (0) 10 : 0.125 0.000 0.000 0.004 0.832 0.000 0.039
95 95 (0) 10 : 0.126 0.000 0.000 0.000 0.873 0.000 0.000
96 96 (0) 10 : 0.162 0.000 0.000 0.009 0.829 0.000 0.001
97 97 (0) 10 : 0.173 0.000 0.000 0.005 0.728 0.000 0.094
98 98 (0) 10 : 0.130 0.000 0.000 0.002 0.867 0.000 0.002
99 99 (0) 10 : 0.016 0.205 0.000 0.001 0.773 0.001 0.005
100 100 (0) 10 : 0.153 0.000 0.000 0.002 0.842 0.000 0.002
101 101 (0) 10 : 0.002 0.195 0.000 0.000 0.775 0.000 0.027
102 102 (0) 10 : 0.162 0.000 0.000 0.001 0.827 0.000 0.011
103 103 (0) 10 : 0.160 0.000 0.000 0.001 0.835 0.000 0.004
1 1 (0) 1 : 0.000 0.000 0.000 0.184 0.000 0.814 0.001
2 2 (0) 1 : 0.000 0.000 0.000 0.445 0.000 0.553 0.001
3 3 (0) 1 : 0.000 0.000 0.000 0.039 0.003 0.895 0.063
4 4 (0) 1 : 0.000 0.000 0.000 0.206 0.000 0.789 0.004
5 5 (0) 1 : 0.000 0.000 0.000 0.746 0.000 0.253 0.000
6 6 (0) 1 : 0.113 0.000 0.000 0.324 0.000 0.562 0.000
7 7 (0) 1 : 0.073 0.000 0.000 0.190 0.000 0.735 0.001
8 8 (0) 1 : 0.000 0.000 0.000 0.212 0.000 0.783 0.004
9 9 (0) 1 : 0.002 0.000 0.000 0.274 0.000 0.722 0.001
10 10 (0) 1 : 0.000 0.000 0.000 0.885 0.000 0.114 0.000
11 11 (0) 1 : 0.000 0.000 0.000 0.000 0.022 0.908 0.069
12 12 (0) 1 : 0.000 0.000 0.000 0.617 0.000 0.382 0.001
13 13 (0) 2 : 1.000 0.000 0.000 0.000 0.000 0.000 0.000
14 14 (0) 2 : 1.000 0.000 0.000 0.000 0.000 0.000 0.000
15 15 (0) 2 : 1.000 0.000 0.000 0.000 0.000 0.000 0.000
16 16 (0) 3 : 0.000 0.000 0.886 0.000 0.109 0.003 0.001
17 17 (0) 3 : 0.000 0.000 0.998 0.000 0.001 0.000 0.001
18 18 (0) 3 : 0.000 0.000 0.912 0.000 0.085 0.001 0.001
19 19 (0) 3 : 0.002 0.000 0.561 0.437 0.000 0.000 0.000
20 20 (0) 3 : 0.031 0.000 0.346 0.623 0.000 0.000 0.000
21 21 (0) 3 : 0.000 0.001 0.856 0.000 0.059 0.075 0.009
22 22 (0) 3 : 0.000 0.000 0.675 0.324 0.000 0.000 0.000
23 23 (0) 3 : 0.000 0.000 0.761 0.000 0.129 0.109 0.001
24 24 (0) 3 : 0.000 0.000 0.850 0.000 0.121 0.006 0.022
25 25 (0) 3 : 0.000 0.001 0.873 0.118 0.006 0.001 0.001
26 26 (0) 3 : 0.000 0.000 0.993 0.000 0.001 0.002 0.005
27 27 (0) 3 : 0.000 0.000 0.998 0.000 0.000 0.001 0.001
28 28 (0) 4 : 0.000 0.000 0.000 0.000 0.000 0.993 0.007
29 29 (0) 4 : 0.000 0.000 0.000 0.000 0.000 0.998 0.001
30 30 (0) 4 : 0.000 0.000 0.000 0.000 0.000 0.999 0.001
31 31 (0) 4 : 0.000 0.000 0.000 0.045 0.001 0.954 0.001
32 32 (0) 4 : 0.001 0.000 0.000 0.040 0.000 0.958 0.001
33 33 (0) 4 : 0.000 0.000 0.000 0.000 0.000 0.999 0.001
34 34 (0) 4 : 0.000 0.000 0.000 0.000 0.000 0.999 0.000
35 35 (0) 5 : 0.000 0.000 0.000 0.000 0.000 0.006 0.994
36 36 (0) 5 : 0.000 0.000 0.000 0.000 0.000 0.004 0.995
37 37 (0) 5 : 0.000 0.000 0.000 0.000 0.001 0.002 0.997
38 38 (0) 5 : 0.000 0.000 0.000 0.000 0.000 0.001 0.998
39 39 (0) 5 : 0.000 0.000 0.000 0.000 0.000 0.001 0.999
40 40 (0) 5 : 0.000 0.000 0.000 0.344 0.000 0.000 0.656
41 41 (0) 5 : 0.000 0.000 0.000 0.000 0.000 0.001 0.998
42 42 (0) 5 : 0.000 0.000 0.000 0.089 0.000 0.000 0.910
43 43 (0) 5 : 0.000 0.000 0.000 0.000 0.000 0.043 0.957
44 44 (0) 5 : 0.000 0.000 0.000 0.000 0.000 0.000 0.999
45 45 (0) 5 : 0.000 0.000 0.000 0.000 0.000 0.011 0.989
46 46 (0) 5 : 0.000 0.000 0.000 0.000 0.000 0.001 0.999
47 47 (0) 5 : 0.000 0.000 0.000 0.000 0.000 0.001 0.999
48 48 (0) 6 : 0.000 0.002 0.008 0.000 0.006 0.983 0.000
49 49 (0) 6 : 0.000 0.000 0.000 0.000 0.000 0.997 0.002
50 50 (0) 6 : 0.000 0.000 0.001 0.000 0.022 0.972 0.004
51 51 (0) 6 : 0.000 0.013 0.000 0.000 0.000 0.984 0.003
52 52 (0) 6 : 0.000 0.000 0.000 0.000 0.002 0.997 0.001
53 53 (0) 6 : 0.000 0.000 0.004 0.000 0.000 0.995 0.001
54 54 (0) 6 : 0.000 0.000 0.001 0.000 0.000 0.991 0.008
55 55 (0) 6 : 0.000 0.000 0.000 0.000 0.000 0.999 0.000
56 56 (0) 6 : 0.000 0.000 0.001 0.000 0.000 0.995 0.004
57 57 (0) 6 : 0.000 0.000 0.000 0.000 0.000 0.997 0.001
58 58 (0) 6 : 0.000 0.775 0.003 0.000 0.104 0.114 0.004
59 59 (0) 7 : 0.000 0.979 0.002 0.000 0.009 0.009 0.001
60 60 (0) 7 : 0.000 0.979 0.001 0.000 0.006 0.013 0.001
61 61 (0) 7 : 0.000 0.964 0.000 0.000 0.014 0.020 0.002
62 62 (0) 7 : 0.000 0.965 0.000 0.000 0.034 0.001 0.000
63 63 (0) 7 : 0.000 0.958 0.000 0.000 0.005 0.012 0.025
64 64 (0) 7 : 0.000 0.979 0.002 0.000 0.002 0.015 0.003
65 65 (0) 7 : 0.000 0.937 0.000 0.000 0.011 0.051 0.000
66 66 (0) 8 : 0.000 0.000 0.350 0.000 0.000 0.588 0.062
67 67 (0) 8 : 0.000 0.000 0.380 0.000 0.000 0.614 0.005
68 68 (0) 8 : 0.000 0.000 0.416 0.023 0.001 0.560 0.000
69 69 (0) 8 : 0.000 0.000 0.441 0.002 0.000 0.557 0.000
70 70 (0) 8 : 0.000 0.000 0.340 0.000 0.000 0.659 0.000
71 71 (0) 8 : 0.000 0.000 0.330 0.000 0.000 0.660 0.010
72 72 (0) 8 : 0.000 0.000 0.424 0.000 0.000 0.575 0.000
73 73 (0) 8 : 0.000 0.000 0.375 0.133 0.000 0.490 0.000
74 74 (0) 8 : 0.000 0.000 0.413 0.050 0.000 0.536 0.000
75 75 (0) 8 : 0.000 0.000 0.404 0.000 0.000 0.594 0.001
76 76 (0) 8 : 0.000 0.000 0.372 0.000 0.001 0.626 0.001
77 77 (0) 8 : 0.000 0.000 0.382 0.000 0.000 0.617 0.001
78 78 (0) 9 : 0.000 0.000 0.000 0.004 0.158 0.721 0.117
79 79 (0) 9 : 0.000 0.000 0.001 0.000 0.002 0.910 0.086
80 80 (0) 9 : 0.000 0.000 0.000 0.000 0.000 0.906 0.093
81 81 (0) 9 : 0.000 0.000 0.001 0.097 0.002 0.806 0.094
82 82 (0) 9 : 0.016 0.000 0.017 0.014 0.000 0.873 0.079
83 83 (0) 9 : 0.000 0.002 0.001 0.000 0.006 0.884 0.107
84 84 (0) 9 : 0.000 0.001 0.000 0.000 0.116 0.873 0.010
85 85 (0) 9 : 0.000 0.011 0.000 0.000 0.001 0.883 0.106
86 86 (0) 9 : 0.012 0.000 0.000 0.136 0.001 0.803 0.047
87 87 (0) 9 : 0.000 0.000 0.001 0.000 0.001 0.831 0.167
88 88 (0) 9 : 0.000 0.000 0.001 0.000 0.000 0.902 0.097
89 89 (0) 9 : 0.047 0.000 0.000 0.091 0.000 0.778 0.084
90 90 (0) 9 : 0.000 0.000 0.000 0.057 0.000 0.869 0.072
91 91 (0) 10 : 0.000 0.030 0.099 0.000 0.866 0.003 0.002
92 92 (0) 10 : 0.000 0.001 0.006 0.000 0.917 0.074 0.002
93 93 (0) 10 : 0.000 0.000 0.000 0.000 0.995 0.001 0.003
94 94 (0) 10 : 0.000 0.000 0.001 0.000 0.996 0.000 0.002
95 95 (0) 10 : 0.000 0.001 0.000 0.000 0.996 0.002 0.000
96 96 (0) 10 : 0.000 0.014 0.001 0.000 0.973 0.007 0.005
97 97 (0) 10 : 0.000 0.043 0.069 0.000 0.801 0.082 0.005
98 98 (0) 10 : 0.000 0.000 0.000 0.000 0.992 0.001 0.006
99 99 (0) 10 : 0.000 0.000 0.000 0.221 0.778 0.000 0.000
100 100 (0) 10 : 0.000 0.001 0.000 0.000 0.977 0.019 0.003
101 101 (0) 10 : 0.000 0.001 0.001 0.217 0.782 0.000 0.000
102 102 (0) 10 : 0.000 0.002 0.006 0.000 0.985 0.006 0.001
103 103 (0) 10 : 0.000 0.000 0.007 0.000 0.991 0.001 0.000
