1:	0.6137 0.0137 0.0017 0.0125 0.0766 0.0000 0.2818 	12
2:	0.0000 1.0000 0.0000 0.0000 0.0000 0.0000 0.0000 	3
3:	0.0230 0.0019 0.0349 0.0036 0.0014 0.8139 0.1214 	12
4:	0.9859 0.0001 0.0001 0.0018 0.0013 0.0000 0.0107 	7
5:	0.0055 0.0000 0.0001 0.9623 0.0003 0.0000 0.0319 	13
6:	0.9104 0.0000 0.0373 0.0026 0.0480 0.0018 0.0000 	11
7:	0.0138 0.0000 0.3368 0.0036 0.6453 0.0005 0.0000 	7
8:	0.5989 0.0000 0.0001 0.0062 0.0003 0.3777 0.0168 	12
9:	0.8500 0.0052 0.0173 0.0917 0.0088 0.0015 0.0256 	13
10:	0.0529 0.0000 0.8882 0.0027 0.0047 0.0188 0.0327 	13
