1 1 (0) 1 : 0.002 0.864 0.000 0.002 0.132
2 2 (0) 1 : 0.000 0.669 0.000 0.002 0.328
3 3 (0) 1 : 0.000 0.952 0.002 0.046 0.000
4 4 (0) 1 : 0.001 0.852 0.000 0.004 0.143
5 5 (0) 1 : 0.000 0.422 0.000 0.000 0.577
6 6 (0) 1 : 0.001 0.637 0.000 0.000 0.362
7 7 (0) 1 : 0.001 0.782 0.000 0.002 0.215
8 8 (0) 1 : 0.004 0.840 0.001 0.004 0.152
9 9 (0) 1 : 0.001 0.790 0.000 0.005 0.204
10 10 (0) 1 : 0.000 0.289 0.000 0.000 0.710
11 11 (0) 1 : 0.011 0.908 0.001 0.080 0.000
12 12 (0) 1 : 0.000 0.497 0.000 0.005 0.498
13 13 (0) 2 : 0.000 0.000 0.000 0.000 1.000
14 14 (0) 2 : 0.000 0.000 0.000 0.000 1.000
15 15 (0) 2 : 0.000 0.000 0.000 0.000 1.000
16 16 (0) 3 : 0.275 0.000 0.702 0.001 0.021
17 17 (0) 3 : 0.245 0.000 0.727 0.001 0.026
18 18 (0) 3 : 0.232 0.001 0.766 0.001 0.000
19 19 (0) 3 : 0.135 0.000 0.458 0.000 0.407
20 20 (0) 3 : 0.001 0.000 0.384 0.000 0.615
21 21 (0) 3 : 0.250 0.002 0.745 0.003 0.000
22 22 (0) 3 : 0.171 0.000 0.534 0.000 0.295
23 23 (0) 3 : 0.227 0.001 0.771 0.001 0.000
24 24 (0) 3 : 0.227 0.001 0.763 0.009 0.000
25 25 (0) 3 : 0.223 0.000 0.675 0.001 0.101
26 26 (0) 3 : 0.183 0.001 0.810 0.006 0.000
27 27 (0) 3 : 0.222 0.000 0.730 0.001 0.047
28 28 (0) 4 : 0.000 0.993 0.000 0.007 0.000
29 29 (0) 4 : 0.000 0.998 0.000 0.001 0.000
30 30 (0) 4 : 0.000 0.998 0.000 0.001 0.000
31 31 (0) 4 : 0.004 0.985 0.001 0.001 0.009
32 32 (0) 4 : 0.000 0.974 0.000 0.001 0.025
33 33 (0) 4 : 0.001 0.998 0.000 0.001 0.000
34 34 (0) 4 : 0.000 0.999 0.000 0.000 0.000
35 35 (0) 5 : 0.000 0.004 0.000 0.995 0.000
36 36 (0) 5 : 0.000 0.003 0.000 0.996 0.000
37 37 (0) 5 : 0.001 0.004 0.000 0.995 0.000
38 38 (0) 5 : 0.001 0.002 0.000 0.998 0.000
39 39 (0) 5 : 0.001 0.001 0.000 0.998 0.000
40 40 (0) 5 : 0.000 0.000 0.000 0.713 0.287
41 41 (0) 5 : 0.001 0.002 0.000 0.998 0.000
42 42 (0) 5 : 0.000 0.000 0.000 0.927 0.073
43 43 (0) 5 : 0.001 0.032 0.000 0.967 0.000
44 44 (0) 5 : 0.000 0.000 0.000 0.999 0.000
45 45 (0) 5 : 0.000 0.009 0.000 0.990 0.000
46 46 (0) 5 : 0.000 0.001 0.000 0.999 0.000
47 47 (0) 5 : 0.000 0.002 0.000 0.998 0.000
48 48 (0) 6 : 0.006 0.975 0.018 0.000 0.000
49 49 (0) 6 : 0.001 0.994 0.001 0.005 0.000
50 50 (0) 6 : 0.023 0.952 0.004 0.021 0.000
51 51 (0) 6 : 0.001 0.990 0.004 0.005 0.000
52 52 (0) 6 : 0.004 0.993 0.001 0.001 0.000
53 53 (0) 6 : 0.002 0.994 0.002 0.002 0.000
54 54 (0) 6 : 0.009 0.980 0.000 0.011 0.000
55 55 (0) 6 : 0.005 0.992 0.000 0.002 0.000
56 56 (0) 6 : 0.117 0.880 0.000 0.003 0.000
57 57 (0) 6 : 0.001 0.992 0.000 0.007 0.000
58 58 (0) 6 : 0.001 0.009 0.989 0.001 0.000
59 59 (0) 7 : 0.000 0.000 0.999 0.001 0.000
60 60 (0) 7 : 0.000 0.001 0.999 0.000 0.000
61 61 (0) 7 : 0.001 0.002 0.997 0.001 0.000
62 62 (0) 7 : 0.000 0.000 0.999 0.000 0.000
63 63 (0) 7 : 0.001 0.001 0.994 0.004 0.000
64 64 (0) 7 : 0.001 0.001 0.998 0.000 0.000
65 65 (0) 7 : 0.001 0.016 0.982 0.000 0.000
66 66 (0) 8 : 0.847 0.095 0.000 0.058 0.000
67 67 (0) 8 : 0.995 0.003 0.000 0.002 0.000
68 68 (0) 8 : 0.993 0.002 0.003 0.001 0.000
69 69 (0) 8 : 0.998 0.001 0.000 0.000 0.000
70 70 (0) 8 : 0.939 0.060 0.000 0.001 0.000
71 71 (0) 8 : 0.867 0.115 0.000 0.018 0.000
72 72 (0) 8 : 0.986 0.010 0.002 0.002 0.000
73 73 (0) 8 : 0.869 0.027 0.000 0.001 0.103
74 74 (0) 8 : 0.993 0.005 0.001 0.001 0.000
75 75 (0) 8 : 0.916 0.081 0.001 0.002 0.000
76 76 (0) 8 : 0.859 0.134 0.001 0.006 0.000
77 77 (0) 8 : 0.948 0.048 0.001 0.003 0.000
78 78 (0) 9 : 0.004 0.855 0.013 0.127 0.000
79 79 (0) 9 : 0.003 0.903 0.004 0.090 0.000
80 80 (0) 9 : 0.000 0.904 0.000 0.095 0.000
81 81 (0) 9 : 0.009 0.832 0.002 0.089 0.068
82 82 (0) 9 : 0.055 0.829 0.000 0.087 0.028
83 83 (0) 9 : 0.020 0.851 0.006 0.123 0.000
84 84 (0) 9 : 0.002 0.929 0.062 0.008 0.000
85 85 (0) 9 : 0.001 0.874 0.003 0.122 0.000
86 86 (0) 9 : 0.001 0.838 0.001 0.043 0.117
87 87 (0) 9 : 0.001 0.817 0.001 0.181 0.000
88 88 (0) 9 : 0.010 0.891 0.000 0.098 0.000
89 89 (0) 9 : 0.001 0.795 0.000 0.089 0.115
90 90 (0) 9 : 0.001 0.891 0.000 0.072 0.035
91 91 (0) 10 : 0.031 0.034 0.917 0.018 0.000
92 92 (0) 10 : 0.080 0.017 0.899 0.004 0.000
93 93 (0) 10 : 0.001 0.018 0.970 0.012 0.000
94 94 (0) 10 : 0.002 0.006 0.979 0.013 0.000
95 95 (0) 10 : 0.001 0.002 0.997 0.001 0.000
96 96 (0) 10 : 0.005 0.003 0.947 0.044 0.000
97 97 (0) 10 : 0.008 0.108 0.877 0.007 0.000
98 98 (0) 10 : 0.010 0.010 0.972 0.008 0.000
99 99 (0) 10 : 0.001 0.001 0.807 0.000 0.190
100 100 (0) 10 : 0.002 0.028 0.964 0.006 0.000
101 101 (0) 10 : 0.001 0.000 0.819 0.000 0.180
102 102 (0) 10 : 0.021 0.038 0.938 0.004 0.000
103 103 (0) 10 : 0.008 0.017 0.974 0.001 0.000
1 1 (0) 1 : 0.003 0.862 0.000 0.132 0.002
2 2 (0) 1 : 0.001 0.669 0.000 0.328 0.002
3 3 (0) 1 : 0.000 0.948 0.002 0.000 0.050
4 4 (0) 1 : 0.001 0.851 0.000 0.143 0.005
5 5 (0) 1 : 0.000 0.423 0.000 0.577 0.000
6 6 (0) 1 : 0.001 0.637 0.000 0.361 0.001
7 7 (0) 1 : 0.001 0.782 0.000 0.215 0.002
8 8 (0) 1 : 0.007 0.837 0.001 0.151 0.004
9 9 (0) 1 : 0.002 0.787 0.000 0.203 0.007
10 10 (0) 1 : 0.000 0.289 0.000 0.710 0.000
11 11 (0) 1 : 0.011 0.906 0.002 0.000 0.081
12 12 (0) 1 : 0.000 0.496 0.000 0.497 0.006
13 13 (0) 2 : 0.000 0.000 0.000 1.000 0.000
14 14 (0) 2 : 0.000 0.000 0.000 1.000 0.000
15 15 (0) 2 : 0.000 0.000 0.000 1.000 0.000
16 16 (0) 3 : 0.279 0.000 0.698 0.022 0.000
17 17 (0) 3 : 0.249 0.000 0.724 0.026 0.001
18 18 (0) 3 : 0.237 0.000 0.761 0.001 0.000
19 19 (0) 3 : 0.137 0.000 0.456 0.407 0.000
20 20 (0) 3 : 0.001 0.000 0.384 0.614 0.000
21 21 (0) 3 : 0.252 0.001 0.744 0.000 0.003
22 22 (0) 3 : 0.174 0.000 0.530 0.295 0.000
23 23 (0) 3 : 0.231 0.001 0.766 0.000 0.001
24 24 (0) 3 : 0.227 0.001 0.760 0.000 0.012
25 25 (0) 3 : 0.225 0.001 0.672 0.102 0.001
26 26 (0) 3 : 0.186 0.001 0.808 0.000 0.006
27 27 (0) 3 : 0.225 0.001 0.725 0.047 0.001
28 28 (0) 4 : 0.000 0.993 0.000 0.000 0.007
29 29 (0) 4 : 0.001 0.998 0.001 0.000 0.001
30 30 (0) 4 : 0.000 0.998 0.000 0.000 0.002
31 31 (0) 4 : 0.003 0.984 0.001 0.011 0.001
32 32 (0) 4 : 0.000 0.974 0.000 0.024 0.002
33 33 (0) 4 : 0.000 0.998 0.000 0.000 0.001
34 34 (0) 4 : 0.000 0.999 0.000 0.000 0.000
35 35 (0) 5 : 0.000 0.003 0.000 0.000 0.996
36 36 (0) 5 : 0.000 0.003 0.000 0.000 0.996
37 37 (0) 5 : 0.001 0.003 0.000 0.000 0.996
38 38 (0) 5 : 0.001 0.001 0.000 0.000 0.998
39 39 (0) 5 : 0.001 0.000 0.000 0.000 0.999
40 40 (0) 5 : 0.000 0.000 0.000 0.287 0.713
41 41 (0) 5 : 0.001 0.001 0.000 0.000 0.998
42 42 (0) 5 : 0.000 0.000 0.000 0.073 0.927
43 43 (0) 5 : 0.001 0.034 0.000 0.000 0.965
44 44 (0) 5 : 0.000 0.000 0.000 0.000 0.999
45 45 (0) 5 : 0.000 0.010 0.000 0.000 0.989
46 46 (0) 5 : 0.000 0.001 0.000 0.000 0.999
47 47 (0) 5 : 0.000 0.002 0.000 0.000 0.998
48 48 (0) 6 : 0.007 0.975 0.018 0.000 0.000
49 49 (0) 6 : 0.001 0.990 0.001 0.000 0.009
50 50 (0) 6 : 0.024 0.949 0.003 0.000 0.024
51 51 (0) 6 : 0.001 0.990 0.004 0.000 0.005
52 52 (0) 6 : 0.004 0.993 0.001 0.000 0.001
53 53 (0) 6 : 0.002 0.994 0.002 0.000 0.002
54 54 (0) 6 : 0.009 0.978 0.000 0.000 0.013
55 55 (0) 6 : 0.005 0.991 0.000 0.000 0.003
56 56 (0) 6 : 0.117 0.880 0.000 0.000 0.003
57 57 (0) 6 : 0.001 0.991 0.000 0.000 0.008
58 58 (0) 6 : 0.001 0.010 0.988 0.000 0.002
59 59 (0) 7 : 0.000 0.000 0.999 0.000 0.001
60 60 (0) 7 : 0.000 0.001 0.999 0.000 0.000
61 61 (0) 7 : 0.001 0.002 0.997 0.000 0.001
62 62 (0) 7 : 0.000 0.000 0.999 0.000 0.000
63 63 (0) 7 : 0.001 0.001 0.993 0.000 0.005
64 64 (0) 7 : 0.001 0.000 0.998 0.000 0.000
65 65 (0) 7 : 0.001 0.016 0.981 0.000 0.001
66 66 (0) 8 : 0.848 0.094 0.001 0.000 0.057
67 67 (0) 8 : 0.996 0.001 0.000 0.000 0.003
68 68 (0) 8 : 0.994 0.003 0.002 0.000 0.001
69 69 (0) 8 : 0.998 0.002 0.000 0.000 0.000
70 70 (0) 8 : 0.944 0.055 0.000 0.000 0.001
71 71 (0) 8 : 0.869 0.114 0.000 0.000 0.017
72 72 (0) 8 : 0.987 0.008 0.002 0.000 0.003
73 73 (0) 8 : 0.866 0.031 0.000 0.103 0.001
74 74 (0) 8 : 0.992 0.005 0.001 0.000 0.001
75 75 (0) 8 : 0.919 0.075 0.001 0.000 0.005
76 76 (0) 8 : 0.861 0.129 0.001 0.000 0.008
77 77 (0) 8 : 0.950 0.043 0.002 0.000 0.005
78 78 (0) 9 : 0.006 0.847 0.022 0.000 0.125
79 79 (0) 9 : 0.003 0.902 0.005 0.000 0.090
80 80 (0) 9 : 0.000 0.904 0.000 0.000 0.096
81 81 (0) 9 : 0.012 0.829 0.001 0.067 0.090
82 82 (0) 9 : 0.056 0.828 0.000 0.028 0.088
83 83 (0) 9 : 0.020 0.849 0.007 0.000 0.124
84 84 (0) 9 : 0.002 0.925 0.065 0.000 0.008
85 85 (0) 9 : 0.001 0.874 0.004 0.000 0.121
86 86 (0) 9 : 0.001 0.833 0.001 0.117 0.047
87 87 (0) 9 : 0.001 0.815 0.001 0.000 0.183
88 88 (0) 9 : 0.007 0.893 0.000 0.000 0.100
89 89 (0) 9 : 0.000 0.796 0.000 0.115 0.088
90 90 (0) 9 : 0.001 0.893 0.000 0.035 0.071
91 91 (0) 10 : 0.029 0.029 0.921 0.000 0.020
92 92 (0) 10 : 0.077 0.015 0.902 0.000 0.006
93 93 (0) 10 : 0.001 0.007 0.977 0.000 0.015
94 94 (0) 10 : 0.002 0.004 0.977 0.000 0.017
95 95 (0) 10 : 0.001 0.002 0.997 0.000 0.000
96 96 (0) 10 : 0.004 0.002 0.950 0.000 0.044
97 97 (0) 10 : 0.007 0.111 0.874 0.000 0.008
98 98 (0) 10 : 0.008 0.019 0.966 0.000 0.007
99 99 (0) 10 : 0.001 0.002 0.807 0.190 0.001
100 100 (0) 10 : 0.001 0.027 0.961 0.000 0.010
101 101 (0) 10 : 0.001 0.001 0.819 0.179 0.000
102 102 (0) 10 : 0.023 0.037 0.937 0.000 0.003
103 103 (0) 10 : 0.008 0.020 0.971 0.000 0.001
