1 1 (0) 1 : 0.000 0.000 0.001 0.000 0.000 0.261 0.000 0.000 0.000 0.000 0.000 0.000 0.000 0.736 0.000
2 2 (0) 1 : 0.000 0.070 0.000 0.000 0.000 0.518 0.000 0.000 0.000 0.000 0.001 0.000 0.000 0.410 0.000
3 3 (0) 1 : 0.076 0.000 0.000 0.000 0.000 0.068 0.001 0.000 0.002 0.000 0.000 0.000 0.000 0.852 0.000
4 4 (0) 1 : 0.002 0.001 0.000 0.000 0.001 0.309 0.000 0.000 0.000 0.000 0.000 0.000 0.000 0.686 0.000
5 5 (0) 1 : 0.000 0.000 0.000 0.000 0.000 0.989 0.000 0.000 0.000 0.000 0.000 0.000 0.000 0.010 0.000
6 6 (0) 1 : 0.000 0.000 0.000 0.000 0.000 0.000 0.000 0.000 0.630 0.000 0.000 0.000 0.000 0.369 0.000
7 7 (0) 1 : 0.001 0.000 0.002 0.000 0.000 0.000 0.000 0.000 0.361 0.001 0.001 0.000 0.000 0.633 0.000
8 8 (0) 1 : 0.003 0.001 0.003 0.000 0.002 0.230 0.001 0.000 0.002 0.024 0.024 0.000 0.002 0.707 0.000
9 9 (0) 1 : 0.001 0.000 0.000 0.000 0.000 0.261 0.000 0.000 0.166 0.000 0.001 0.000 0.000 0.569 0.000
10 10 (0) 1 : 0.000 0.000 0.000 0.000 0.000 0.000 0.000 0.000 0.000 0.899 0.000 0.000 0.000 0.100 0.000
11 11 (0) 1 : 0.069 0.000 0.011 0.000 0.001 0.000 0.017 0.000 0.000 0.000 0.000 0.000 0.000 0.901 0.000
12 12 (0) 1 : 0.000 0.000 0.000 0.000 0.000 0.000 0.000 0.000 0.000 0.000 0.860 0.000 0.000 0.139 0.000
13 13 (0) 2 : 0.000 0.000 0.000 1.000 0.000 0.000 0.000 0.000 0.000 0.000 0.000 0.000 0.000 0.000 0.000
14 14 (0) 2 : 0.000 0.000 0.000 1.000 0.000 0.000 0.000 0.000 0.000 0.000 0.000 0.000 0.000 0.000 0.000
15 15 (0) 2 : 0.000 0.000 0.000 1.000 0.000 0.000 0.000 0.000 0.000 0.000 0.000 0.000 0.000 0.000 0.000
16 16 (0) 3 : 0.000 0.000 0.043 0.000 0.000 0.000 0.088 0.000 0.000 0.000 0.000 0.000 0.867 0.001 0.000
17 17 (0) 3 : 0.000 0.000 0.000 0.000 0.000 0.000 0.000 0.000 0.000 0.000 0.000 0.000 0.999 0.000 0.000
18 18 (0) 3 : 0.000 0.000 0.002 0.000 0.000 0.000 0.094 0.000 0.000 0.000 0.000 0.000 0.865 0.002 0.036
19 19 (0) 3 : 0.000 0.000 0.000 0.000 0.000 0.005 0.000 0.000 0.000 0.002 0.002 0.690 0.299 0.000 0.001
20 20 (0) 3 : 0.000 0.000 0.000 0.000 0.000 0.000 0.000 0.000 0.000 0.000 0.000 0.000 0.132 0.000 0.867
21 21 (0) 3 : 0.032 0.000 0.002 0.000 0.000 0.000 0.044 0.000 0.000 0.000 0.000 0.000 0.889 0.033 0.000
22 22 (0) 3 : 0.000 0.133 0.000 0.000 0.000 0.014 0.000 0.000 0.000 0.000 0.000 0.078 0.614 0.000 0.160
23 23 (0) 3 : 0.001 0.000 0.010 0.000 0.000 0.000 0.111 0.000 0.000 0.000 0.000 0.000 0.781 0.096 0.000
24 24 (0) 3 : 0.007 0.000 0.005 0.000 0.000 0.000 0.095 0.000 0.000 0.000 0.000 0.000 0.875 0.016 0.000
25 25 (0) 3 : 0.000 0.036 0.001 0.000 0.000 0.015 0.004 0.000 0.000 0.025 0.000 0.014 0.879 0.001 0.025
26 26 (0) 3 : 0.001 0.000 0.001 0.000 0.000 0.000 0.000 0.000 0.000 0.000 0.000 0.000 0.997 0.001 0.000
27 27 (0) 3 : 0.000 0.000 0.000 0.000 0.000 0.000 0.000 0.000 0.000 0.000 0.000 0.000 0.998 0.000 0.000
28 28 (0) 4 : 0.001 0.000 0.000 0.000 0.393 0.000 0.000 0.000 0.000 0.000 0.000 0.000 0.000 0.605 0.000
29 29 (0) 4 : 0.000 0.000 0.000 0.000 0.378 0.000 0.000 0.000 0.000 0.000 0.000 0.000 0.000 0.621 0.000
30 30 (0) 4 : 0.001 0.000 0.000 0.000 0.405 0.000 0.000 0.000 0.000 0.000 0.000 0.000 0.000 0.593 0.000
31 31 (0) 4 : 0.001 0.000 0.001 0.000 0.361 0.028 0.001 0.000 0.000 0.000 0.000 0.000 0.000 0.609 0.000
32 32 (0) 4 : 0.002 0.000 0.000 0.000 0.498 0.000 0.000 0.000 0.000 0.000 0.000 0.000 0.000 0.499 0.000
33 33 (0) 4 : 0.001 0.000 0.000 0.000 0.404 0.000 0.000 0.000 0.000 0.000 0.000 0.000 0.000 0.594 0.000
34 34 (0) 4 : 0.000 0.000 0.000 0.000 0.434 0.000 0.000 0.000 0.000 0.000 0.000 0.000 0.000 0.565 0.000
35 35 (0) 5 : 0.997 0.000 0.000 0.000 0.000 0.000 0.000 0.000 0.000 0.000 0.000 0.000 0.000 0.002 0.000
36 36 (0) 5 : 0.998 0.000 0.000 0.000 0.000 0.000 0.000 0.000 0.000 0.000 0.000 0.000 0.000 0.001 0.000
37 37 (0) 5 : 0.998 0.000 0.000 0.000 0.000 0.000 0.000 0.000 0.000 0.000 0.000 0.000 0.000 0.001 0.000
38 38 (0) 5 : 0.998 0.000 0.000 0.000 0.000 0.000 0.000 0.000 0.000 0.000 0.000 0.000 0.000 0.001 0.000
39 39 (0) 5 : 0.999 0.000 0.000 0.000 0.000 0.000 0.000 0.000 0.000 0.000 0.000 0.000 0.000 0.000 0.000
40 40 (0) 5 : 0.599 0.338 0.000 0.000 0.000 0.035 0.000 0.000 0.000 0.004 0.012 0.009 0.000 0.000 0.004
41 41 (0) 5 : 0.999 0.000 0.000 0.000 0.000 0.000 0.000 0.000 0.000 0.000 0.000 0.000 0.000 0.001 0.000
42 42 (0) 5 : 0.886 0.000 0.000 0.000 0.000 0.000 0.000 0.000 0.000 0.000 0.000 0.113 0.000 0.000 0.000
43 43 (0) 5 : 0.960 0.000 0.000 0.000 0.000 0.000 0.000 0.000 0.000 0.000 0.000 0.000 0.000 0.040 0.000
44 44 (0) 5 : 0.999 0.000 0.000 0.000 0.000 0.000 0.000 0.000 0.000 0.000 0.000 0.000 0.000 0.000 0.000
45 45 (0) 5 : 0.995 0.000 0.000 0.000 0.002 0.000 0.000 0.000 0.000 0.000 0.000 0.000 0.000 0.003 0.000
46 46 (0) 5 : 0.999 0.000 0.000 0.000 0.000 0.000 0.000 0.000 0.000 0.000 0.000 0.000 0.000 0.000 0.000
47 47 (0) 5 : 0.999 0.000 0.000 0.000 0.000 0.000 0.000 0.000 0.000 0.000 0.000 0.000 0.000 0.000 0.000
48 48 (0) 6 : 0.000 0.000 0.006 0.000 0.001 0.000 0.004 0.002 0.000 0.000 0.000 0.000 0.004 0.982 0.000
49 49 (0) 6 : 0.002 0.000 0.000 0.000 0.040 0.000 0.000 0.000 0.000 0.000 0.000 0.000 0.000 0.957 0.000
50 50 (0) 6 : 0.006 0.000 0.012 0.000 0.021 0.000 0.022 0.000 0.000 0.000 0.000 0.000 0.000 0.938 0.000
51 51 (0) 6 : 0.001 0.000 0.000 0.000 0.004 0.000 0.000 0.007 0.000 0.000 0.000 0.000 0.000 0.987 0.000
52 52 (0) 6 : 0.000 0.000 0.001 0.000 0.000 0.000 0.003 0.000 0.000 0.000 0.000 0.000 0.000 0.995 0.000
53 53 (0) 6 : 0.001 0.000 0.001 0.000 0.028 0.000 0.000 0.000 0.000 0.000 0.000 0.000 0.005 0.963 0.000
54 54 (0) 6 : 0.002 0.000 0.002 0.000 0.001 0.000 0.000 0.000 0.000 0.000 0.000 0.000 0.000 0.994 0.000
55 55 (0) 6 : 0.001 0.000 0.005 0.000 0.054 0.000 0.000 0.000 0.000 0.000 0.000 0.000 0.000 0.940 0.000
56 56 (0) 6 : 0.004 0.000 0.129 0.000 0.001 0.000 0.000 0.000 0.001 0.000 0.000 0.000 0.000 0.864 0.000
57 57 (0) 6 : 0.001 0.000 0.001 0.000 0.000 0.000 0.000 0.000 0.000 0.000 0.000 0.000 0.000 0.997 0.000
58 58 (0) 6 : 0.005 0.000 0.003 0.000 0.000 0.000 0.119 0.797 0.000 0.000 0.000 0.000 0.002 0.073 0.000
59 59 (0) 7 : 0.000 0.000 0.000 0.000 0.000 0.000 0.001 0.994 0.000 0.000 0.000 0.000 0.002 0.001 0.000
60 60 (0) 7 : 0.000 0.000 0.000 0.000 0.000 0.000 0.002 0.995 0.000 0.000 0.000 0.000 0.001 0.002 0.000
61 61 (0) 7 : 0.001 0.000 0.001 0.000 0.000 0.000 0.015 0.979 0.000 0.000 0.000 0.000 0.000 0.004 0.000
62 62 (0) 7 : 0.000 0.000 0.000 0.000 0.000 0.000 0.021 0.978 0.000 0.000 0.000 0.000 0.000 0.000 0.000
63 63 (0) 7 : 0.011 0.000 0.001 0.000 0.000 0.000 0.002 0.983 0.000 0.000 0.000 0.000 0.000 0.002 0.000
64 64 (0) 7 : 0.001 0.000 0.001 0.000 0.000 0.000 0.001 0.996 0.000 0.000 0.000 0.000 0.001 0.001 0.000
65 65 (0) 7 : 0.000 0.000 0.002 0.000 0.000 0.000 0.012 0.971 0.000 0.000 0.000 0.000 0.000 0.015 0.000
66 66 (0) 8 : 0.038 0.000 0.842 0.000 0.000 0.000 0.000 0.000 0.000 0.000 0.000 0.000 0.006 0.113 0.000
67 67 (0) 8 : 0.001 0.000 0.997 0.000 0.000 0.000 0.000 0.000 0.000 0.000 0.000 0.000 0.000 0.001 0.000
68 68 (0) 8 : 0.000 0.000 0.996 0.000 0.000 0.000 0.001 0.000 0.000 0.000 0.000 0.000 0.000 0.002 0.000
69 69 (0) 8 : 0.000 0.000 0.998 0.000 0.000 0.000 0.000 0.000 0.000 0.000 0.000 0.000 0.000 0.001 0.000
70 70 (0) 8 : 0.000 0.000 0.955 0.000 0.000 0.000 0.000 0.000 0.000 0.000 0.000 0.000 0.000 0.044 0.000
71 71 (0) 8 : 0.020 0.000 0.880 0.000 0.000 0.000 0.000 0.000 0.000 0.000 0.000 0.000 0.000 0.098 0.000
72 72 (0) 8 : 0.001 0.000 0.988 0.000 0.000 0.000 0.002 0.000 0.000 0.000 0.000 0.000 0.001 0.007 0.000
73 73 (0) 8 : 0.000 0.000 0.828 0.000 0.000 0.119 0.000 0.000 0.000 0.003 0.002 0.046 0.000 0.001 0.000
74 74 (0) 8 : 0.000 0.007 0.956 0.000 0.000 0.000 0.000 0.000 0.000 0.000 0.026 0.004 0.004 0.002 0.000
75 75 (0) 8 : 0.001 0.000 0.917 0.000 0.000 0.000 0.000 0.000 0.000 0.000 0.000 0.000 0.002 0.079 0.000
76 76 (0) 8 : 0.003 0.000 0.856 0.000 0.000 0.000 0.001 0.000 0.000 0.000 0.000 0.000 0.004 0.135 0.000
77 77 (0) 8 : 0.005 0.000 0.969 0.000 0.000 0.000 0.001 0.000 0.000 0.000 0.000 0.000 0.000 0.024 0.000
78 78 (0) 9 : 0.090 0.000 0.001 0.000 0.000 0.000 0.136 0.000 0.000 0.000 0.013 0.005 0.000 0.754 0.002
79 79 (0) 9 : 0.078 0.000 0.001 0.000 0.000 0.000 0.001 0.000 0.000 0.000 0.000 0.001 0.001 0.916 0.000
80 80 (0) 9 : 0.072 0.000 0.000 0.000 0.000 0.000 0.000 0.000 0.000 0.000 0.000 0.002 0.000 0.925 0.000
81 81 (0) 9 : 0.061 0.023 0.001 0.000 0.000 0.013 0.000 0.000 0.000 0.012 0.000 0.065 0.000 0.824 0.000
82 82 (0) 9 : 0.077 0.002 0.045 0.000 0.053 0.000 0.000 0.000 0.044 0.000 0.000 0.005 0.000 0.772 0.000
83 83 (0) 9 : 0.102 0.000 0.014 0.000 0.000 0.000 0.011 0.000 0.000 0.000 0.000 0.001 0.000 0.870 0.000
84 84 (0) 9 : 0.001 0.000 0.000 0.000 0.000 0.000 0.109 0.000 0.000 0.000 0.000 0.002 0.000 0.887 0.000
85 85 (0) 9 : 0.098 0.000 0.000 0.000 0.001 0.000 0.000 0.013 0.000 0.000 0.000 0.000 0.001 0.886 0.000
86 86 (0) 9 : 0.023 0.032 0.000 0.011 0.001 0.097 0.002 0.000 0.018 0.017 0.000 0.011 0.000 0.783 0.005
87 87 (0) 9 : 0.153 0.000 0.000 0.000 0.000 0.000 0.000 0.000 0.000 0.000 0.000 0.001 0.000 0.844 0.000
88 88 (0) 9 : 0.093 0.000 0.001 0.000 0.000 0.000 0.000 0.000 0.000 0.000 0.000 0.001 0.001 0.903 0.000
89 89 (0) 9 : 0.080 0.000 0.000 0.026 0.001 0.000 0.000 0.000 0.121 0.000 0.000 0.040 0.000 0.731 0.000
90 90 (0) 9 : 0.041 0.000 0.000 0.000 0.000 0.000 0.000 0.000 0.008 0.000 0.000 0.059 0.000 0.891 0.000
91 91 (0) 10 : 0.002 0.000 0.001 0.000 0.000 0.000 0.863 0.025 0.000 0.000 0.000 0.000 0.106 0.002 0.000
92 92 (0) 10 : 0.001 0.000 0.028 0.000 0.000 0.000 0.929 0.001 0.000 0.000 0.000 0.000 0.005 0.036 0.000
93 93 (0) 10 : 0.001 0.000 0.000 0.000 0.000 0.000 0.997 0.000 0.000 0.000 0.000 0.000 0.001 0.001 0.000
94 94 (0) 10 : 0.002 0.000 0.000 0.000 0.000 0.000 0.994 0.000 0.000 0.000 0.000 0.000 0.003 0.000 0.000
95 95 (0) 10 : 0.000 0.000 0.000 0.000 0.000 0.000 0.998 0.000 0.000 0.000 0.000 0.000 0.000 0.001 0.000
96 96 (0) 10 : 0.004 0.000 0.001 0.000 0.000 0.000 0.978 0.014 0.000 0.000 0.000 0.000 0.001 0.002 0.000
97 97 (0) 10 : 0.003 0.000 0.000 0.000 0.000 0.000 0.797 0.030 0.000 0.000 0.000 0.000 0.097 0.072 0.000
98 98 (0) 10 : 0.004 0.000 0.000 0.000 0.000 0.000 0.995 0.000 0.000 0.000 0.000 0.000 0.000 0.001 0.000
99 99 (0) 10 : 0.000 0.277 0.000 0.000 0.000 0.006 0.709 0.000 0.000 0.002 0.001 0.001 0.001 0.000 0.002
100 100 (0) 10 : 0.001 0.000 0.001 0.000 0.000 0.000 0.979 0.001 0.000 0.000 0.000 0.000 0.000 0.017 0.000
101 101 (0) 10 : 0.000 0.203 0.000 0.000 0.000 0.007 0.730 0.000 0.000 0.003 0.001 0.056 0.000 0.000 0.000
102 102 (0) 10 : 0.001 0.000 0.004 0.000 0.004 0.000 0.987 0.001 0.000 0.000 0.000 0.000 0.000 0.002 0.000
103 103 (0) 10 : 0.000 0.000 0.000 0.000 0.000 0.000 0.995 0.000 0.000 0.000 0.000 0.000 0.004 0.000 0.000
1 1 (0) 1 : 0.000 0.000 0.001 0.001 0.000 0.252 0.002 0.000 0.003 0.000 0.000 0.000 0.740 0.000 0.000
2 2 (0) 1 : 0.000 0.000 0.000 0.000 0.000 0.563 0.000 0.000 0.000 0.000 0.000 0.000 0.435 0.000 0.000
3 3 (0) 1 : 0.000 0.000 0.000 0.061 0.000 0.066 0.001 0.000 0.009 0.000 0.000 0.000 0.861 0.000 0.003
4 4 (0) 1 : 0.000 0.000 0.000 0.002 0.001 0.299 0.000 0.000 0.000 0.000 0.000 0.000 0.698 0.000 0.000
5 5 (0) 1 : 0.000 0.000 0.000 0.000 0.000 0.928 0.000 0.000 0.000 0.000 0.000 0.000 0.071 0.000 0.000
6 6 (0) 1 : 0.000 0.000 0.000 0.000 0.000 0.000 0.000 0.000 0.627 0.000 0.000 0.000 0.372 0.000 0.000
7 7 (0) 1 : 0.001 0.000 0.001 0.000 0.000 0.000 0.000 0.000 0.368 0.000 0.001 0.000 0.628 0.000 0.000
8 8 (0) 1 : 0.025 0.002 0.001 0.003 0.003 0.205 0.000 0.000 0.020 0.000 0.029 0.000 0.710 0.000 0.001
9 9 (0) 1 : 0.000 0.000 0.000 0.000 0.000 0.242 0.000 0.000 0.166 0.000 0.000 0.000 0.590 0.000 0.000
10 10 (0) 1 : 0.897 0.000 0.000 0.000 0.000 0.000 0.000 0.000 0.000 0.000 0.000 0.000 0.102 0.000 0.000
11 11 (0) 1 : 0.000 0.000 0.008 0.065 0.000 0.000 0.000 0.000 0.005 0.000 0.000 0.000 0.893 0.000 0.028
12 12 (0) 1 : 0.000 0.000 0.000 0.000 0.000 0.000 0.000 0.000 0.000 0.000 0.860 0.000 0.139 0.000 0.000
13 13 (0) 2 : 0.000 0.000 0.000 0.000 0.000 0.000 0.000 0.000 0.000 0.000 0.000 1.000 0.000 0.000 0.000
14 14 (0) 2 : 0.000 0.000 0.000 0.000 0.000 0.000 0.000 0.000 0.000 0.000 0.000 1.000 0.000 0.000 0.000
15 15 (0) 2 : 0.000 0.000 0.000 0.000 0.000 0.000 0.000 0.000 0.000 0.000 0.000 1.000 0.000 0.000 0.000
16 16 (0) 3 : 0.000 0.874 0.038 0.001 0.000 0.000 0.000 0.000 0.000 0.000 0.000 0.000 0.003 0.000 0.085
17 17 (0) 3 : 0.000 0.999 0.000 0.000 0.000 0.000 0.000 0.000 0.000 0.000 0.000 0.000 0.000 0.000 0.000
18 18 (0) 3 : 0.000 0.868 0.001 0.001 0.000 0.000 0.000 0.037 0.000 0.000 0.000 0.000 0.010 0.000 0.084
19 19 (0) 3 : 0.000 0.441 0.000 0.000 0.000 0.000 0.000 0.000 0.000 0.000 0.000 0.000 0.000 0.559 0.000
20 20 (0) 3 : 0.000 0.135 0.000 0.000 0.000 0.000 0.000 0.865 0.000 0.000 0.000 0.000 0.000 0.000 0.000
21 21 (0) 3 : 0.000 0.876 0.001 0.003 0.000 0.000 0.000 0.000 0.000 0.000 0.000 0.000 0.098 0.000 0.021
22 22 (0) 3 : 0.000 0.632 0.000 0.000 0.000 0.000 0.000 0.177 0.000 0.000 0.000 0.000 0.000 0.189 0.000
23 23 (0) 3 : 0.000 0.767 0.003 0.000 0.000 0.000 0.000 0.000 0.000 0.000 0.000 0.000 0.137 0.000 0.092
24 24 (0) 3 : 0.000 0.871 0.005 0.003 0.000 0.000 0.000 0.000 0.000 0.000 0.000 0.000 0.050 0.000 0.071
25 25 (0) 3 : 0.022 0.869 0.001 0.000 0.000 0.034 0.000 0.028 0.000 0.000 0.000 0.000 0.001 0.040 0.004
26 26 (0) 3 : 0.000 0.997 0.000 0.001 0.000 0.000 0.000 0.000 0.000 0.000 0.000 0.000 0.000 0.000 0.000
27 27 (0) 3 : 0.000 0.998 0.000 0.000 0.000 0.000 0.000 0.000 0.000 0.000 0.000 0.000 0.001 0.000 0.000
28 28 (0) 4 : 0.000 0.000 0.000 0.000 0.300 0.000 0.000 0.000 0.000 0.000 0.000 0.000 0.699 0.000 0.000
29 29 (0) 4 : 0.000 0.000 0.000 0.000 0.263 0.000 0.000 0.000 0.000 0.000 0.000 0.000 0.736 0.000 0.000
30 30 (0) 4 : 0.000 0.000 0.000 0.000 0.277 0.000 0.000 0.000 0.000 0.000 0.000 0.000 0.722 0.000 0.000
31 31 (0) 4 : 0.000 0.000 0.000 0.000 0.330 0.000 0.000 0.000 0.000 0.000 0.000 0.000 0.668 0.000 0.000
32 32 (0) 4 : 0.000 0.000 0.000 0.001 0.411 0.000 0.000 0.000 0.000 0.000 0.000 0.000 0.587 0.000 0.000
33 33 (0) 4 : 0.000 0.000 0.000 0.001 0.289 0.000 0.000 0.000 0.000 0.000 0.000 0.000 0.710 0.000 0.000
34 34 (0) 4 : 0.000 0.000 0.000 0.000 0.298 0.000 0.000 0.000 0.000 0.000 0.000 0.000 0.701 0.000 0.000
35 35 (0) 5 : 0.000 0.000 0.000 0.996 0.000 0.000 0.000 0.000 0.000 0.000 0.000 0.000 0.003 0.000 0.000
36 36 (0) 5 : 0.000 0.000 0.000 0.996 0.000 0.000 0.000 0.000 0.000 0.000 0.000 0.000 0.004 0.000 0.000
37 37 (0) 5 : 0.000 0.000 0.000 0.998 0.000 0.000 0.000 0.000 0.000 0.000 0.000 0.000 0.001 0.000 0.000
38 38 (0) 5 : 0.000 0.000 0.000 0.998 0.000 0.000 0.000 0.000 0.000 0.000 0.000 0.000 0.001 0.000 0.000
39 39 (0) 5 : 0.000 0.000 0.000 0.999 0.000 0.000 0.000 0.000 0.000 0.000 0.000 0.000 0.000 0.000 0.000
40 40 (0) 5 : 0.023 0.000 0.000 0.600 0.000 0.185 0.000 0.017 0.000 0.000 0.063 0.000 0.000 0.112 0.000
41 41 (0) 5 : 0.000 0.000 0.000 0.998 0.000 0.000 0.000 0.000 0.000 0.000 0.000 0.000 0.001 0.000 0.000
42 42 (0) 5 : 0.000 0.000 0.000 0.902 0.000 0.000 0.000 0.000 0.000 0.000 0.000 0.000 0.000 0.097 0.000
43 43 (0) 5 : 0.000 0.000 0.000 0.957 0.000 0.000 0.000 0.000 0.000 0.000 0.000 0.000 0.043 0.000 0.000
44 44 (0) 5 : 0.000 0.000 0.000 0.999 0.000 0.000 0.000 0.000 0.000 0.000 0.000 0.000 0.000 0.000 0.000
45 45 (0) 5 : 0.000 0.000 0.000 0.994 0.001 0.000 0.000 0.000 0.000 0.000 0.000 0.000 0.004 0.000 0.000
46 46 (0) 5 : 0.000 0.000 0.000 0.999 0.000 0.000 0.000 0.000 0.000 0.000 0.000 0.000 0.000 0.000 0.000
47 47 (0) 5 : 0.000 0.000 0.000 0.999 0.000 0.000 0.000 0.000 0.000 0.000 0.000 0.000 0.001 0.000 0.000
48 48 (0) 6 : 0.000 0.006 0.005 0.000 0.000 0.000 0.000 0.000 0.000 0.002 0.000 0.000 0.980 0.000 0.006
49 49 (0) 6 : 0.000 0.000 0.000 0.003 0.021 0.000 0.000 0.000 0.000 0.000 0.000 0.000 0.975 0.000 0.000
50 50 (0) 6 : 0.000 0.000 0.007 0.004 0.005 0.000 0.000 0.000 0.000 0.000 0.000 0.000 0.956 0.000 0.028
51 51 (0) 6 : 0.000 0.000 0.000 0.001 0.000 0.000 0.000 0.000 0.000 0.009 0.000 0.000 0.988 0.000 0.000
52 52 (0) 6 : 0.000 0.000 0.001 0.000 0.000 0.000 0.000 0.000 0.000 0.000 0.000 0.000 0.995 0.000 0.003
53 53 (0) 6 : 0.000 0.007 0.001 0.000 0.013 0.000 0.000 0.000 0.000 0.001 0.000 0.000 0.978 0.000 0.000
54 54 (0) 6 : 0.000 0.000 0.002 0.001 0.000 0.000 0.000 0.000 0.000 0.000 0.000 0.000 0.995 0.000 0.000
55 55 (0) 6 : 0.000 0.000 0.005 0.001 0.025 0.000 0.000 0.000 0.000 0.000 0.000 0.000 0.968 0.000 0.000
56 56 (0) 6 : 0.000 0.000 0.114 0.003 0.000 0.000 0.000 0.000 0.006 0.000 0.000 0.000 0.876 0.000 0.000
57 57 (0) 6 : 0.000 0.000 0.000 0.002 0.000 0.000 0.000 0.001 0.000 0.000 0.000 0.000 0.995 0.000 0.000
58 58 (0) 6 : 0.000 0.001 0.001 0.003 0.000 0.000 0.000 0.000 0.000 0.785 0.000 0.000 0.108 0.000 0.101
59 59 (0) 7 : 0.000 0.002 0.000 0.001 0.000 0.000 0.000 0.000 0.000 0.991 0.000 0.000 0.003 0.000 0.003
60 60 (0) 7 : 0.000 0.002 0.000 0.000 0.000 0.000 0.000 0.000 0.000 0.992 0.000 0.000 0.003 0.000 0.002
61 61 (0) 7 : 0.000 0.000 0.001 0.001 0.000 0.000 0.000 0.000 0.000 0.974 0.000 0.000 0.010 0.000 0.014
62 62 (0) 7 : 0.000 0.000 0.000 0.000 0.000 0.000 0.000 0.000 0.000 0.975 0.000 0.000 0.000 0.000 0.023
63 63 (0) 7 : 0.000 0.000 0.001 0.015 0.000 0.000 0.000 0.000 0.000 0.976 0.000 0.000 0.006 0.000 0.002
64 64 (0) 7 : 0.000 0.001 0.002 0.001 0.000 0.000 0.000 0.000 0.000 0.994 0.000 0.000 0.002 0.000 0.001
65 65 (0) 7 : 0.000 0.000 0.001 0.000 0.000 0.000 0.000 0.000 0.000 0.948 0.000 0.000 0.044 0.000 0.007
66 66 (0) 8 : 0.000 0.004 0.800 0.031 0.000 0.000 0.000 0.000 0.000 0.000 0.000 0.000 0.165 0.000 0.000
67 67 (0) 8 : 0.000 0.000 0.995 0.001 0.000 0.000 0.000 0.000 0.000 0.000 0.000 0.000 0.003 0.000 0.000
68 68 (0) 8 : 0.000 0.000 0.990 0.000 0.000 0.000 0.000 0.000 0.000 0.000 0.000 0.000 0.007 0.000 0.001
69 69 (0) 8 : 0.000 0.000 0.990 0.000 0.000 0.000 0.000 0.000 0.000 0.000 0.000 0.000 0.009 0.000 0.000
70 70 (0) 8 : 0.000 0.000 0.900 0.000 0.000 0.000 0.000 0.000 0.000 0.000 0.000 0.000 0.099 0.000 0.000
71 71 (0) 8 : 0.000 0.000 0.853 0.010 0.000 0.000 0.000 0.000 0.000 0.000 0.000 0.000 0.136 0.000 0.000
72 72 (0) 8 : 0.000 0.001 0.960 0.001 0.000 0.000 0.000 0.000 0.000 0.000 0.000 0.000 0.037 0.000 0.001
73 73 (0) 8 : 0.001 0.000 0.836 0.000 0.000 0.096 0.000 0.000 0.000 0.000 0.002 0.000 0.008 0.056 0.000
74 74 (0) 8 : 0.000 0.004 0.941 0.000 0.000 0.000 0.000 0.000 0.000 0.000 0.021 0.000 0.018 0.015 0.000
75 75 (0) 8 : 0.000 0.002 0.885 0.001 0.000 0.000 0.000 0.000 0.000 0.000 0.000 0.000 0.112 0.000 0.000
76 76 (0) 8 : 0.000 0.001 0.827 0.001 0.000 0.000 0.000 0.000 0.000 0.000 0.000 0.000 0.168 0.000 0.001
77 77 (0) 8 : 0.000 0.000 0.940 0.002 0.000 0.000 0.000 0.000 0.000 0.000 0.000 0.000 0.057 0.000 0.000
78 78 (0) 9 : 0.000 0.000 0.000 0.090 0.000 0.000 0.166 0.000 0.000 0.000 0.000 0.000 0.742 0.000 0.001
79 79 (0) 9 : 0.000 0.000 0.001 0.079 0.000 0.000 0.074 0.000 0.000 0.000 0.000 0.000 0.845 0.000 0.001
80 80 (0) 9 : 0.000 0.000 0.000 0.056 0.000 0.000 0.102 0.000 0.000 0.000 0.000 0.000 0.841 0.000 0.000
81 81 (0) 9 : 0.000 0.000 0.000 0.032 0.000 0.000 0.259 0.000 0.000 0.000 0.000 0.000 0.708 0.000 0.000
82 82 (0) 9 : 0.000 0.000 0.022 0.085 0.006 0.000 0.160 0.000 0.000 0.000 0.000 0.000 0.726 0.000 0.000
83 83 (0) 9 : 0.000 0.000 0.023 0.104 0.000 0.000 0.070 0.000 0.000 0.000 0.000 0.000 0.801 0.000 0.002
84 84 (0) 9 : 0.000 0.000 0.001 0.003 0.000 0.000 0.108 0.000 0.000 0.000 0.000 0.000 0.857 0.000 0.029
85 85 (0) 9 : 0.000 0.001 0.001 0.092 0.000 0.000 0.043 0.000 0.000 0.010 0.000 0.000 0.854 0.000 0.000
86 86 (0) 9 : 0.000 0.000 0.000 0.001 0.000 0.000 0.312 0.000 0.000 0.000 0.000 0.001 0.684 0.000 0.000
87 87 (0) 9 : 0.000 0.000 0.000 0.143 0.000 0.000 0.066 0.000 0.000 0.000 0.000 0.000 0.790 0.000 0.000
88 88 (0) 9 : 0.000 0.000 0.001 0.093 0.000 0.000 0.063 0.000 0.000 0.000 0.000 0.000 0.842 0.000 0.000
89 89 (0) 9 : 0.000 0.000 0.000 0.051 0.000 0.000 0.206 0.000 0.088 0.000 0.000 0.000 0.654 0.000 0.000
90 90 (0) 9 : 0.000 0.000 0.000 0.016 0.000 0.000 0.172 0.000 0.000 0.000 0.000 0.000 0.810 0.000 0.000
91 91 (0) 10 : 0.000 0.114 0.001 0.001 0.000 0.000 0.000 0.000 0.000 0.025 0.000 0.000 0.008 0.000 0.850
92 92 (0) 10 : 0.000 0.004 0.013 0.001 0.000 0.000 0.000 0.000 0.000 0.001 0.000 0.000 0.072 0.000 0.910
93 93 (0) 10 : 0.000 0.001 0.000 0.002 0.000 0.000 0.000 0.000 0.000 0.000 0.000 0.000 0.001 0.000 0.995
94 94 (0) 10 : 0.000 0.004 0.000 0.002 0.000 0.000 0.000 0.000 0.000 0.000 0.000 0.000 0.000 0.000 0.994
95 95 (0) 10 : 0.000 0.000 0.000 0.000 0.000 0.000 0.000 0.000 0.000 0.001 0.000 0.000 0.002 0.000 0.997
96 96 (0) 10 : 0.000 0.000 0.001 0.005 0.000 0.000 0.000 0.000 0.000 0.010 0.000 0.000 0.010 0.000 0.973
97 97 (0) 10 : 0.000 0.098 0.000 0.001 0.000 0.000 0.000 0.000 0.000 0.030 0.000 0.000 0.081 0.000 0.789
98 98 (0) 10 : 0.000 0.000 0.000 0.005 0.000 0.000 0.000 0.000 0.000 0.000 0.000 0.000 0.001 0.000 0.992
99 99 (0) 10 : 0.032 0.000 0.000 0.000 0.000 0.084 0.000 0.040 0.000 0.000 0.002 0.000 0.000 0.088 0.754
100 100 (0) 10 : 0.000 0.000 0.001 0.002 0.000 0.000 0.000 0.000 0.000 0.001 0.000 0.000 0.034 0.000 0.963
101 101 (0) 10 : 0.001 0.000 0.000 0.000 0.000 0.000 0.000 0.000 0.000 0.001 0.000 0.000 0.000 0.240 0.758
102 102 (0) 10 : 0.000 0.001 0.008 0.001 0.001 0.000 0.000 0.000 0.000 0.001 0.000 0.000 0.004 0.000 0.984
103 103 (0) 10 : 0.000 0.009 0.000 0.000 0.000 0.000 0.000 0.000 0.000 0.000 0.000 0.000 0.001 0.000 0.989
