1:	0.5151 0.0000 0.0021 0.0118 0.0000 0.0012 0.0770 0.2165 0.0002 0.0000 0.0984 0.0031 0.0000 0.0003 0.0741 	12
2:	0.0000 1.0000 0.0000 0.0000 0.0000 0.0000 0.0000 0.0000 0.0000 0.0000 0.0000 0.0000 0.0000 0.0000 0.0000 	3
3:	0.0188 0.0000 0.0331 0.0021 0.0000 0.0047 0.0020 0.0028 0.7723 0.0916 0.0000 0.0071 0.0655 0.0000 0.0001 	12
4:	0.6369 0.0000 0.0001 0.0006 0.0000 0.0001 0.0000 0.0020 0.0000 0.0000 0.0000 0.0000 0.0000 0.3604 0.0000 	7
5:	0.0041 0.0000 0.0000 0.9569 0.0000 0.0000 0.0010 0.0085 0.0000 0.0008 0.0000 0.0130 0.0127 0.0001 0.0029 	13
6:	0.8875 0.0000 0.0130 0.0019 0.0729 0.0135 0.0000 0.0000 0.0011 0.0000 0.0003 0.0000 0.0000 0.0097 0.0000 	11
7:	0.0066 0.0000 0.0076 0.0022 0.9822 0.0007 0.0000 0.0000 0.0006 0.0000 0.0000 0.0000 0.0000 0.0000 0.0000 	7
8:	0.0553 0.0000 0.0003 0.0048 0.0000 0.9217 0.0002 0.0090 0.0012 0.0000 0.0000 0.0003 0.0050 0.0000 0.0021 	12
9:	0.8139 0.0015 0.0112 0.0698 0.0009 0.0043 0.0011 0.0042 0.0002 0.0003 0.0107 0.0715 0.0074 0.0024 0.0005 	13
10:	0.0134 0.0000 0.9197 0.0015 0.0055 0.0023 0.0015 0.0037 0.0173 0.0016 0.0000 0.0185 0.0148 0.0002 0.0002 	13
