-------------------------------------------------------------------------------
 L       Percentage of nodes in the largest component
 D       Percentage of nodes in components of size at most 3 [-div option]
 R       Percentage of nodes not in L or D: 100 - L -D
 S       Percentage of nodes that are singletons
 E       Fraction of edges retained (input graph has 90)
 cce     Expected size of component, nodewise [ sum(sz^2) / sum^2(sz) ]
 EW      Edge weight traits (mean, median and IQR)
 ND      Node degree traits [mean, median and IQR]
 CCF     Clustering coefficient (scale 1-100)
 eff     Induced component efficiency relative to start graph (scale 1-1000)
Total number of nodes: 10
----------------------------------------------------------------------------------------------
  L   D   R   S     E     cce  EWmean   EWmed   EWiqr  NDmean   NDmed  NDiqr CCF  eff  Cutoff 
----------------------------------------------------------------------------------------------
100   0   0   0 1.000      10    0.80    0.83    0.14     9.0     9.5    0.5   -    -     0.50
100   0   0   0 1.000      10    0.80    0.83    0.14     9.0     9.5    0.5   -    -     0.51
100   0   0   0 1.000      10    0.80    0.83    0.14     9.0     9.5    0.5   -    -     0.52
100   0   0   0 1.000      10    0.80    0.83    0.14     9.0     9.5    0.5   -    -     0.53
100   0   0   0 1.000      10    0.80    0.83    0.14     9.0     9.5    0.5   -    -     0.54
100   0   0   0 1.000      10    0.80    0.83    0.14     9.0     9.5    0.5   -    -     0.55
100   0   0   0 1.000      10    0.80    0.83    0.14     9.0     9.5    0.5   -    -     0.56
100   0   0   0 1.000      10    0.80    0.83    0.14     9.0     9.5    0.5   -    -     0.57
100   0   0   0 1.000      10    0.80    0.83    0.14     9.0     9.5    0.5   -    -     0.58
100   0   0   0 1.000      10    0.80    0.83    0.14     9.0     9.5    0.5   -    -     0.59
100   0   0   0 1.000      10    0.80    0.83    0.14     9.0     9.5    0.5   -    -     0.60
100   0   0   0 1.000      10    0.80    0.83    0.14     9.0     9.5    0.5   -    -     0.61
100   0   0   0 1.000      10    0.80    0.83    0.14     9.0     9.5    0.5   -    -     0.62
100   0   0   0 1.000      10    0.80    0.83    0.14     9.0     9.5    0.5   -    -     0.63
100   0   0   0 1.000      10    0.80    0.83    0.14     9.0     9.5    0.5   -    -     0.64
100   0   0   0 0.978      10    0.80    0.83    0.14     8.8     9.5    0.5   -    -     0.65
100   0   0   0 0.956      10    0.81    0.83    0.14     8.6     9.5    1.0   -    -     0.66
100   0   0   0 0.889      10    0.82    0.84    0.13     8.0     8.5    2.5   -    -     0.67
100   0   0   0 0.800      10    0.83    0.84    0.14     7.2     6.5    3.5   -    -     0.68
100   0   0   0 0.800      10    0.83    0.84    0.14     7.2     6.5    3.5   -    -     0.69
100   0   0   0 0.800      10    0.83    0.84    0.14     7.2     6.5    3.5   -    -     0.70
100   0   0   0 0.800      10    0.83    0.84    0.14     7.2     6.5    3.5   -    -     0.71
100   0   0   0 0.800      10    0.83    0.84    0.14     7.2     6.5    3.5   -    -     0.72
100   0   0   0 0.778      10    0.84    0.85    0.14     7.0     6.5    3.0   -    -     0.73
100   0   0   0 0.556      10    0.88    0.86    0.06     5.0     6.5    2.0   -    -     0.74
 70  30   0   0 0.533       6    0.88    0.87    0.05     4.8     6.5    2.5   -    -     0.75
 70  30   0   0 0.533       6    0.88    0.87    0.05     4.8     6.5    2.5   -    -     0.76
 70  30   0   0 0.533       6    0.88    0.87    0.05     4.8     6.5    2.5   -    -     0.77
 70  30   0   0 0.533       6    0.88    0.87    0.05     4.8     6.5    2.5   -    -     0.78
 70  30   0   0 0.533       6    0.88    0.87    0.05     4.8     6.5    2.5   -    -     0.79
 70  30   0   0 0.533       6    0.88    0.87    0.05     4.8     6.5    2.5   -    -     0.80
 70  30   0   0 0.533       6    0.88    0.87    0.05     4.8     6.5    2.5   -    -     0.81
 70  30   0   0 0.511       6    0.88    0.87    0.07     4.6     5.5    3.0   -    -     0.82
 70  30   0   0 0.511       6    0.88    0.87    0.07     4.6     5.5    3.0   -    -     0.83
 70  30   0   0 0.400       6    0.90    0.87    0.07     3.6     5.5    4.0   -    -     0.84
 70  30   0  10 0.356       5    0.90    0.88    0.06     3.2     4.5    4.5   -    -     0.85
 70  30   0  10 0.333       5    0.91    0.88    0.06     3.0     3.5    4.5   -    -     0.86
 70  30   0  10 0.267       5    0.92    0.91    0.06     2.4     2.5    3.5   -    -     0.87
 40  60   0  40 0.156       2    0.95    0.93    0.05     1.4     1.5    3.5   -    -     0.88
 40  60   0  40 0.156       2    0.95    0.93    0.05     1.4     1.5    3.5   -    -     0.89
 40  60   0  60 0.133       2    0.96    0.96    0.05     1.2     0.5    3.5   -    -     0.90
 40  60   0  60 0.133       2    0.96    0.96    0.05     1.2     0.5    3.5   -    -     0.91
 40  60   0  60 0.133       2    0.96    0.96    0.05     1.2     0.5    3.5   -    -     0.92
 40  60   0  60 0.133       2    0.96    0.96    0.05     1.2     0.5    3.5   -    -     0.93
  0 100   0  70 0.067       2    0.99    0.99    0.00     0.6     0.5    1.5   -    -     0.94
  0 100   0  70 0.067       2    0.99    0.99    0.00     0.6     0.5    1.5   -    -     0.95
  0 100   0  70 0.067       2    0.99    0.99    0.00     0.6     0.5    1.5   -    -     0.96
  0 100   0  70 0.067       2    0.99    0.99    0.00     0.6     0.5    1.5   -    -     0.97
  0 100   0  70 0.067       2    0.99    0.99    0.00     0.6     0.5    1.5   -    -     0.98
  0 100   0  80 0.022       1    0.99    0.99    0.00     0.2     0.5    0.5   -    -     0.99
---------------------------------------------------------------------------------------------
