1:	0.5222 0.0051 0.0016 0.0136 0.0001 0.0029 0.1131 0.2736 0.0001 0.0677 	12
2:	0.0000 1.0000 0.0000 0.0000 0.0000 0.0000 0.0000 0.0000 0.0000 0.0000 	3
3:	0.0207 0.0007 0.0292 0.0033 0.0000 0.0070 0.1047 0.0043 0.8112 0.0189 	12
4:	0.9005 0.0001 0.0002 0.0005 0.0007 0.0003 0.0000 0.0103 0.0000 0.0875 	7
5:	0.0036 0.0000 0.0000 0.9614 0.0000 0.0001 0.0242 0.0102 0.0000 0.0004 	13
6:	0.8920 0.0000 0.0270 0.0028 0.0588 0.0153 0.0000 0.0000 0.0012 0.0029 	11
7:	0.0039 0.0000 0.2018 0.0018 0.7914 0.0006 0.0000 0.0000 0.0005 0.0000 	7
8:	0.0485 0.0000 0.0004 0.0053 0.0000 0.9281 0.0099 0.0065 0.0013 0.0000 	12
9:	0.8344 0.0034 0.0150 0.0817 0.0252 0.0064 0.0124 0.0110 0.0003 0.0102 	13
10:	0.0290 0.0000 0.9080 0.0015 0.0046 0.0050 0.0277 0.0062 0.0174 0.0007 	13
