1 1 (0) 1 : 0.000 0.000 0.338 0.001 0.000 0.000 0.659 0.000 0.001 0.000
2 2 (0) 1 : 0.000 0.000 0.481 0.000 0.000 0.172 0.345 0.000 0.001 0.000
3 3 (0) 1 : 0.000 0.000 0.110 0.000 0.000 0.000 0.809 0.001 0.079 0.000
4 4 (0) 1 : 0.000 0.000 0.400 0.000 0.003 0.000 0.594 0.000 0.002 0.000
5 5 (0) 1 : 0.000 0.000 0.692 0.000 0.000 0.307 0.000 0.000 0.000 0.000
6 6 (0) 1 : 0.083 0.000 0.654 0.000 0.000 0.000 0.262 0.000 0.000 0.000
7 7 (0) 1 : 0.045 0.000 0.405 0.000 0.000 0.000 0.549 0.000 0.001 0.000
8 8 (0) 1 : 0.000 0.001 0.197 0.002 0.004 0.106 0.682 0.000 0.007 0.000
9 9 (0) 1 : 0.000 0.000 0.522 0.000 0.000 0.000 0.475 0.000 0.001 0.000
10 10 (0) 1 : 0.000 0.000 0.202 0.000 0.000 0.752 0.046 0.000 0.000 0.000
11 11 (0) 1 : 0.000 0.000 0.007 0.015 0.002 0.000 0.881 0.019 0.075 0.000
12 12 (0) 1 : 0.000 0.000 0.063 0.000 0.001 0.568 0.365 0.000 0.003 0.000
13 13 (0) 2 : 1.000 0.000 0.000 0.000 0.000 0.000 0.000 0.000 0.000 0.000
14 14 (0) 2 : 1.000 0.000 0.000 0.000 0.000 0.000 0.000 0.000 0.000 0.000
15 15 (0) 2 : 1.000 0.000 0.000 0.000 0.000 0.000 0.000 0.000 0.000 0.000
16 16 (0) 3 : 0.000 0.863 0.000 0.052 0.000 0.000 0.001 0.083 0.001 0.000
17 17 (0) 3 : 0.000 0.998 0.000 0.000 0.000 0.000 0.000 0.000 0.000 0.000
18 18 (0) 3 : 0.000 0.919 0.000 0.001 0.000 0.000 0.001 0.078 0.001 0.000
19 19 (0) 3 : 0.012 0.578 0.000 0.000 0.000 0.409 0.000 0.000 0.000 0.000
20 20 (0) 3 : 0.028 0.369 0.000 0.000 0.000 0.603 0.000 0.000 0.000 0.000
21 21 (0) 3 : 0.000 0.885 0.000 0.003 0.000 0.000 0.051 0.032 0.029 0.000
22 22 (0) 3 : 0.000 0.685 0.000 0.000 0.000 0.314 0.000 0.000 0.000 0.000
23 23 (0) 3 : 0.000 0.771 0.000 0.014 0.000 0.000 0.110 0.104 0.001 0.000
24 24 (0) 3 : 0.000 0.864 0.000 0.011 0.000 0.000 0.029 0.084 0.011 0.000
25 25 (0) 3 : 0.000 0.891 0.000 0.001 0.000 0.102 0.001 0.004 0.000 0.000
26 26 (0) 3 : 0.000 0.996 0.000 0.001 0.000 0.000 0.002 0.000 0.001 0.000
27 27 (0) 3 : 0.000 0.998 0.000 0.000 0.000 0.000 0.001 0.000 0.000 0.000
28 28 (0) 4 : 0.000 0.000 0.000 0.000 0.419 0.000 0.579 0.000 0.001 0.000
29 29 (0) 4 : 0.000 0.000 0.000 0.000 0.397 0.000 0.602 0.000 0.000 0.000
30 30 (0) 4 : 0.000 0.000 0.000 0.000 0.425 0.000 0.573 0.000 0.001 0.000
31 31 (0) 4 : 0.000 0.000 0.000 0.000 0.424 0.000 0.575 0.001 0.000 0.000
32 32 (0) 4 : 0.000 0.000 0.000 0.000 0.515 0.000 0.483 0.000 0.001 0.000
33 33 (0) 4 : 0.000 0.000 0.000 0.000 0.426 0.000 0.572 0.000 0.001 0.000
34 34 (0) 4 : 0.000 0.000 0.000 0.000 0.451 0.000 0.548 0.000 0.000 0.000
35 35 (0) 5 : 0.000 0.000 0.000 0.000 0.000 0.000 0.001 0.000 0.999 0.000
36 36 (0) 5 : 0.000 0.000 0.000 0.000 0.001 0.000 0.001 0.000 0.998 0.000
37 37 (0) 5 : 0.000 0.000 0.000 0.000 0.000 0.000 0.001 0.000 0.998 0.000
38 38 (0) 5 : 0.000 0.000 0.000 0.000 0.000 0.000 0.001 0.000 0.998 0.000
39 39 (0) 5 : 0.000 0.000 0.000 0.000 0.000 0.000 0.000 0.000 0.999 0.000
40 40 (0) 5 : 0.000 0.000 0.000 0.000 0.000 0.336 0.000 0.000 0.664 0.000
41 41 (0) 5 : 0.000 0.000 0.000 0.000 0.000 0.000 0.001 0.000 0.999 0.000
42 42 (0) 5 : 0.000 0.000 0.000 0.000 0.000 0.087 0.000 0.000 0.913 0.000
43 43 (0) 5 : 0.000 0.000 0.000 0.000 0.000 0.000 0.035 0.000 0.964 0.000
44 44 (0) 5 : 0.000 0.000 0.000 0.000 0.000 0.000 0.000 0.000 0.999 0.000
45 45 (0) 5 : 0.000 0.000 0.000 0.000 0.002 0.000 0.001 0.000 0.996 0.000
46 46 (0) 5 : 0.000 0.000 0.000 0.000 0.000 0.000 0.000 0.000 0.999 0.000
47 47 (0) 5 : 0.000 0.000 0.000 0.000 0.000 0.000 0.001 0.000 0.999 0.000
48 48 (0) 6 : 0.000 0.005 0.000 0.004 0.001 0.000 0.984 0.004 0.000 0.001
49 49 (0) 6 : 0.000 0.000 0.000 0.000 0.038 0.000 0.957 0.000 0.004 0.000
50 50 (0) 6 : 0.000 0.000 0.000 0.016 0.023 0.000 0.937 0.014 0.010 0.000
51 51 (0) 6 : 0.000 0.000 0.000 0.000 0.002 0.000 0.991 0.000 0.001 0.004
52 52 (0) 6 : 0.000 0.000 0.000 0.001 0.000 0.000 0.996 0.002 0.001 0.000
53 53 (0) 6 : 0.000 0.005 0.000 0.001 0.030 0.000 0.963 0.000 0.000 0.000
54 54 (0) 6 : 0.000 0.000 0.000 0.002 0.001 0.000 0.989 0.000 0.008 0.000
55 55 (0) 6 : 0.000 0.000 0.000 0.005 0.055 0.000 0.938 0.000 0.001 0.000
56 56 (0) 6 : 0.000 0.000 0.000 0.131 0.001 0.000 0.863 0.000 0.004 0.000
57 57 (0) 6 : 0.000 0.000 0.000 0.001 0.000 0.000 0.996 0.000 0.002 0.000
58 58 (0) 6 : 0.000 0.006 0.000 0.007 0.000 0.000 0.049 0.118 0.011 0.808
59 59 (0) 7 : 0.000 0.001 0.000 0.000 0.000 0.000 0.001 0.001 0.000 0.997
60 60 (0) 7 : 0.000 0.001 0.000 0.000 0.000 0.000 0.001 0.001 0.000 0.996
61 61 (0) 7 : 0.000 0.000 0.000 0.001 0.000 0.000 0.002 0.005 0.001 0.991
62 62 (0) 7 : 0.000 0.000 0.000 0.001 0.000 0.000 0.000 0.006 0.000 0.993
63 63 (0) 7 : 0.000 0.000 0.000 0.001 0.000 0.000 0.001 0.002 0.009 0.987
64 64 (0) 7 : 0.000 0.000 0.000 0.001 0.000 0.000 0.001 0.000 0.001 0.996
65 65 (0) 7 : 0.000 0.000 0.000 0.001 0.000 0.000 0.008 0.006 0.000 0.983
66 66 (0) 8 : 0.000 0.007 0.000 0.857 0.000 0.000 0.093 0.000 0.042 0.000
67 67 (0) 8 : 0.000 0.000 0.000 0.998 0.000 0.000 0.001 0.000 0.001 0.000
68 68 (0) 8 : 0.000 0.000 0.000 0.997 0.000 0.000 0.001 0.001 0.000 0.000
69 69 (0) 8 : 0.000 0.000 0.000 0.998 0.000 0.000 0.001 0.000 0.000 0.000
70 70 (0) 8 : 0.000 0.000 0.000 0.973 0.000 0.000 0.027 0.000 0.000 0.000
71 71 (0) 8 : 0.000 0.000 0.000 0.900 0.001 0.000 0.078 0.000 0.021 0.000
72 72 (0) 8 : 0.000 0.001 0.000 0.994 0.000 0.000 0.002 0.001 0.001 0.000
73 73 (0) 8 : 0.000 0.000 0.000 0.872 0.000 0.125 0.002 0.000 0.000 0.000
74 74 (0) 8 : 0.000 0.002 0.000 0.946 0.000 0.049 0.002 0.000 0.000 0.000
75 75 (0) 8 : 0.000 0.002 0.000 0.935 0.000 0.000 0.059 0.000 0.003 0.000
76 76 (0) 8 : 0.000 0.002 0.000 0.872 0.000 0.000 0.122 0.001 0.002 0.000
77 77 (0) 8 : 0.000 0.000 0.000 0.984 0.000 0.000 0.011 0.001 0.003 0.000
78 78 (0) 9 : 0.000 0.000 0.000 0.000 0.000 0.017 0.764 0.120 0.098 0.000
79 79 (0) 9 : 0.000 0.001 0.000 0.001 0.001 0.000 0.913 0.002 0.083 0.000
80 80 (0) 9 : 0.000 0.000 0.000 0.000 0.000 0.000 0.925 0.000 0.074 0.000
81 81 (0) 9 : 0.000 0.000 0.005 0.001 0.000 0.080 0.835 0.000 0.078 0.000
82 82 (0) 9 : 0.011 0.002 0.027 0.041 0.051 0.000 0.790 0.000 0.077 0.000
83 83 (0) 9 : 0.000 0.000 0.000 0.043 0.000 0.000 0.848 0.004 0.104 0.000
84 84 (0) 9 : 0.000 0.000 0.000 0.001 0.000 0.000 0.888 0.107 0.004 0.000
85 85 (0) 9 : 0.000 0.001 0.000 0.001 0.001 0.000 0.883 0.001 0.098 0.017
86 86 (0) 9 : 0.010 0.000 0.107 0.001 0.001 0.073 0.765 0.001 0.041 0.000
87 87 (0) 9 : 0.000 0.000 0.000 0.001 0.000 0.000 0.846 0.001 0.151 0.000
88 88 (0) 9 : 0.000 0.001 0.000 0.002 0.001 0.000 0.903 0.000 0.093 0.000
89 89 (0) 9 : 0.045 0.000 0.152 0.000 0.001 0.000 0.707 0.000 0.094 0.000
90 90 (0) 9 : 0.000 0.000 0.024 0.000 0.000 0.038 0.877 0.000 0.060 0.000
91 91 (0) 10 : 0.000 0.103 0.000 0.002 0.000 0.000 0.002 0.869 0.000 0.024
92 92 (0) 10 : 0.000 0.006 0.000 0.040 0.000 0.000 0.014 0.936 0.001 0.002
93 93 (0) 10 : 0.000 0.000 0.000 0.000 0.000 0.000 0.001 0.997 0.001 0.000
94 94 (0) 10 : 0.000 0.002 0.000 0.000 0.000 0.000 0.000 0.996 0.001 0.000
95 95 (0) 10 : 0.000 0.000 0.000 0.000 0.000 0.000 0.001 0.997 0.000 0.001
96 96 (0) 10 : 0.000 0.000 0.000 0.001 0.000 0.000 0.002 0.984 0.002 0.010
97 97 (0) 10 : 0.000 0.084 0.000 0.000 0.000 0.000 0.072 0.809 0.003 0.032
98 98 (0) 10 : 0.000 0.000 0.000 0.001 0.000 0.000 0.001 0.996 0.002 0.000
99 99 (0) 10 : 0.000 0.001 0.000 0.000 0.001 0.208 0.000 0.789 0.000 0.000
100 100 (0) 10 : 0.000 0.000 0.000 0.001 0.000 0.000 0.007 0.990 0.002 0.001
101 101 (0) 10 : 0.000 0.000 0.000 0.000 0.000 0.208 0.000 0.790 0.000 0.001
102 102 (0) 10 : 0.000 0.001 0.000 0.007 0.003 0.000 0.001 0.987 0.000 0.001
103 103 (0) 10 : 0.000 0.005 0.000 0.000 0.000 0.000 0.000 0.994 0.000 0.000
1 1 (0) 1 : 0.242 0.002 0.001 0.000 0.000 0.000 0.000 0.001 0.000 0.754
2 2 (0) 1 : 0.565 0.000 0.000 0.000 0.000 0.000 0.000 0.001 0.000 0.434
3 3 (0) 1 : 0.061 0.000 0.002 0.000 0.000 0.000 0.000 0.076 0.002 0.857
4 4 (0) 1 : 0.286 0.000 0.000 0.000 0.000 0.000 0.000 0.007 0.000 0.707
5 5 (0) 1 : 0.946 0.000 0.001 0.000 0.000 0.000 0.000 0.000 0.000 0.053
6 6 (0) 1 : 0.000 0.000 0.623 0.000 0.000 0.000 0.000 0.000 0.000 0.376
7 7 (0) 1 : 0.000 0.007 0.364 0.000 0.000 0.000 0.000 0.003 0.000 0.625
8 8 (0) 1 : 0.260 0.013 0.003 0.000 0.001 0.000 0.000 0.003 0.001 0.719
9 9 (0) 1 : 0.237 0.001 0.173 0.000 0.000 0.000 0.000 0.002 0.000 0.588
10 10 (0) 1 : 0.190 0.000 0.112 0.000 0.000 0.000 0.635 0.000 0.000 0.062
11 11 (0) 1 : 0.000 0.021 0.000 0.000 0.000 0.000 0.000 0.071 0.023 0.884
12 12 (0) 1 : 0.193 0.000 0.026 0.000 0.000 0.000 0.427 0.002 0.000 0.351
13 13 (0) 2 : 0.000 0.000 0.000 0.000 0.000 1.000 0.000 0.000 0.000 0.000
14 14 (0) 2 : 0.000 0.000 0.000 0.000 0.000 1.000 0.000 0.000 0.000 0.000
15 15 (0) 2 : 0.000 0.000 0.000 0.000 0.000 1.000 0.000 0.000 0.000 0.000
16 16 (0) 3 : 0.000 0.059 0.000 0.000 0.853 0.000 0.000 0.000 0.085 0.001
17 17 (0) 3 : 0.000 0.000 0.000 0.000 0.999 0.000 0.000 0.000 0.000 0.000
18 18 (0) 3 : 0.000 0.001 0.000 0.000 0.913 0.000 0.000 0.001 0.084 0.002
19 19 (0) 3 : 0.086 0.000 0.016 0.000 0.557 0.001 0.339 0.000 0.000 0.000
20 20 (0) 3 : 0.000 0.000 0.000 0.000 0.358 0.000 0.641 0.000 0.000 0.000
21 21 (0) 3 : 0.000 0.002 0.000 0.000 0.883 0.000 0.000 0.034 0.041 0.040
22 22 (0) 3 : 0.000 0.000 0.000 0.000 0.688 0.000 0.311 0.000 0.000 0.000
23 23 (0) 3 : 0.000 0.013 0.000 0.000 0.771 0.000 0.000 0.001 0.110 0.105
24 24 (0) 3 : 0.000 0.007 0.000 0.000 0.858 0.000 0.000 0.025 0.103 0.007
25 25 (0) 3 : 0.001 0.002 0.000 0.000 0.885 0.000 0.097 0.000 0.013 0.000
26 26 (0) 3 : 0.000 0.001 0.000 0.000 0.997 0.000 0.000 0.001 0.000 0.001
27 27 (0) 3 : 0.000 0.000 0.000 0.000 0.998 0.000 0.000 0.001 0.000 0.001
28 28 (0) 4 : 0.000 0.000 0.000 0.000 0.000 0.000 0.000 0.001 0.000 0.998
29 29 (0) 4 : 0.000 0.000 0.000 0.000 0.000 0.000 0.000 0.000 0.000 0.999
30 30 (0) 4 : 0.000 0.000 0.000 0.000 0.000 0.000 0.000 0.000 0.000 0.999
31 31 (0) 4 : 0.051 0.003 0.000 0.000 0.000 0.000 0.000 0.000 0.002 0.943
32 32 (0) 4 : 0.039 0.000 0.000 0.000 0.000 0.000 0.000 0.001 0.000 0.959
33 33 (0) 4 : 0.000 0.000 0.000 0.000 0.000 0.000 0.000 0.001 0.000 0.999
34 34 (0) 4 : 0.000 0.000 0.000 0.000 0.000 0.000 0.000 0.000 0.000 0.999
35 35 (0) 5 : 0.000 0.000 0.000 0.000 0.000 0.000 0.000 0.998 0.000 0.002
36 36 (0) 5 : 0.000 0.000 0.000 0.000 0.000 0.000 0.000 0.997 0.000 0.002
37 37 (0) 5 : 0.000 0.000 0.000 0.000 0.000 0.000 0.000 0.998 0.000 0.001
38 38 (0) 5 : 0.000 0.001 0.000 0.000 0.000 0.000 0.000 0.998 0.000 0.001
39 39 (0) 5 : 0.000 0.000 0.000 0.000 0.000 0.000 0.000 0.999 0.000 0.000
40 40 (0) 5 : 0.181 0.000 0.000 0.000 0.000 0.000 0.188 0.630 0.000 0.000
41 41 (0) 5 : 0.000 0.000 0.000 0.000 0.000 0.000 0.000 0.999 0.000 0.001
42 42 (0) 5 : 0.000 0.000 0.000 0.000 0.000 0.000 0.086 0.914 0.000 0.000
43 43 (0) 5 : 0.000 0.000 0.000 0.000 0.000 0.000 0.000 0.969 0.000 0.031
44 44 (0) 5 : 0.000 0.000 0.000 0.000 0.000 0.000 0.000 0.999 0.000 0.000
45 45 (0) 5 : 0.000 0.000 0.000 0.000 0.000 0.000 0.000 0.995 0.000 0.005
46 46 (0) 5 : 0.000 0.000 0.000 0.000 0.000 0.000 0.000 0.999 0.000 0.000
47 47 (0) 5 : 0.000 0.000 0.000 0.000 0.000 0.000 0.000 0.999 0.000 0.001
48 48 (0) 6 : 0.000 0.007 0.000 0.002 0.005 0.000 0.000 0.000 0.002 0.984
49 49 (0) 6 : 0.000 0.000 0.000 0.000 0.000 0.000 0.000 0.002 0.000 0.997
50 50 (0) 6 : 0.000 0.017 0.000 0.000 0.001 0.000 0.000 0.007 0.017 0.959
51 51 (0) 6 : 0.000 0.000 0.000 0.006 0.000 0.000 0.000 0.002 0.000 0.991
52 52 (0) 6 : 0.000 0.001 0.000 0.000 0.000 0.000 0.000 0.001 0.002 0.996
53 53 (0) 6 : 0.000 0.002 0.000 0.000 0.004 0.000 0.000 0.000 0.000 0.993
54 54 (0) 6 : 0.000 0.001 0.000 0.000 0.000 0.000 0.000 0.003 0.000 0.995
55 55 (0) 6 : 0.000 0.005 0.000 0.000 0.000 0.000 0.000 0.001 0.000 0.993
56 56 (0) 6 : 0.000 0.136 0.001 0.000 0.000 0.000 0.000 0.002 0.000 0.861
57 57 (0) 6 : 0.000 0.000 0.000 0.000 0.000 0.000 0.000 0.001 0.000 0.998
58 58 (0) 6 : 0.000 0.008 0.000 0.799 0.004 0.000 0.000 0.012 0.112 0.065
59 59 (0) 7 : 0.000 0.000 0.000 0.995 0.001 0.000 0.000 0.000 0.002 0.001
60 60 (0) 7 : 0.000 0.000 0.000 0.995 0.002 0.000 0.000 0.000 0.001 0.001
61 61 (0) 7 : 0.000 0.001 0.000 0.986 0.000 0.000 0.000 0.001 0.008 0.004
62 62 (0) 7 : 0.000 0.000 0.000 0.987 0.000 0.000 0.000 0.000 0.012 0.000
63 63 (0) 7 : 0.000 0.001 0.000 0.981 0.000 0.000 0.000 0.012 0.004 0.002
64 64 (0) 7 : 0.000 0.001 0.000 0.996 0.001 0.000 0.000 0.001 0.000 0.001
65 65 (0) 7 : 0.000 0.001 0.000 0.977 0.000 0.000 0.000 0.000 0.005 0.017
66 66 (0) 8 : 0.000 0.851 0.000 0.000 0.007 0.000 0.000 0.048 0.000 0.094
67 67 (0) 8 : 0.000 0.998 0.000 0.000 0.000 0.000 0.000 0.001 0.000 0.001
68 68 (0) 8 : 0.000 0.997 0.000 0.000 0.000 0.000 0.000 0.000 0.001 0.001
69 69 (0) 8 : 0.000 0.998 0.000 0.000 0.000 0.000 0.000 0.000 0.000 0.001
70 70 (0) 8 : 0.000 0.963 0.000 0.000 0.000 0.000 0.000 0.000 0.000 0.037
71 71 (0) 8 : 0.000 0.884 0.000 0.000 0.000 0.000 0.000 0.011 0.000 0.105
72 72 (0) 8 : 0.000 0.992 0.000 0.000 0.002 0.000 0.000 0.001 0.001 0.004
73 73 (0) 8 : 0.108 0.843 0.000 0.000 0.000 0.000 0.048 0.000 0.000 0.001
74 74 (0) 8 : 0.000 0.950 0.000 0.000 0.001 0.000 0.047 0.000 0.000 0.002
75 75 (0) 8 : 0.000 0.925 0.000 0.000 0.003 0.000 0.000 0.001 0.001 0.070
76 76 (0) 8 : 0.000 0.866 0.000 0.000 0.003 0.000 0.000 0.003 0.001 0.127
77 77 (0) 8 : 0.000 0.977 0.000 0.000 0.000 0.000 0.000 0.006 0.001 0.016
78 78 (0) 9 : 0.000 0.001 0.000 0.000 0.000 0.000 0.021 0.107 0.122 0.749
79 79 (0) 9 : 0.000 0.002 0.000 0.000 0.001 0.000 0.000 0.084 0.003 0.909
80 80 (0) 9 : 0.000 0.000 0.000 0.000 0.000 0.000 0.000 0.078 0.000 0.921
81 81 (0) 9 : 0.009 0.001 0.000 0.000 0.000 0.000 0.076 0.092 0.001 0.819
82 82 (0) 9 : 0.000 0.046 0.051 0.000 0.001 0.000 0.000 0.076 0.000 0.825
83 83 (0) 9 : 0.000 0.029 0.000 0.001 0.000 0.000 0.000 0.111 0.006 0.853
84 84 (0) 9 : 0.000 0.001 0.000 0.000 0.000 0.000 0.000 0.006 0.107 0.886
85 85 (0) 9 : 0.000 0.001 0.000 0.003 0.000 0.000 0.000 0.105 0.000 0.890
86 86 (0) 9 : 0.094 0.001 0.022 0.000 0.000 0.011 0.046 0.044 0.002 0.779
87 87 (0) 9 : 0.000 0.000 0.000 0.000 0.000 0.000 0.000 0.159 0.001 0.839
88 88 (0) 9 : 0.000 0.001 0.000 0.000 0.001 0.000 0.000 0.098 0.000 0.899
89 89 (0) 9 : 0.000 0.000 0.156 0.000 0.000 0.023 0.000 0.083 0.000 0.737
90 90 (0) 9 : 0.000 0.000 0.023 0.000 0.000 0.000 0.034 0.066 0.000 0.877
91 91 (0) 10 : 0.000 0.002 0.000 0.026 0.102 0.000 0.000 0.002 0.866 0.003
92 92 (0) 10 : 0.000 0.059 0.000 0.002 0.006 0.000 0.000 0.002 0.931 0.001
93 93 (0) 10 : 0.000 0.000 0.000 0.000 0.000 0.000 0.000 0.001 0.997 0.001
94 94 (0) 10 : 0.000 0.000 0.000 0.000 0.003 0.000 0.000 0.002 0.995 0.000
95 95 (0) 10 : 0.000 0.000 0.000 0.001 0.000 0.000 0.000 0.000 0.998 0.001
96 96 (0) 10 : 0.000 0.002 0.000 0.010 0.001 0.000 0.000 0.003 0.980 0.004
97 97 (0) 10 : 0.000 0.001 0.000 0.036 0.085 0.000 0.000 0.004 0.813 0.061
98 98 (0) 10 : 0.000 0.001 0.000 0.000 0.000 0.000 0.000 0.005 0.993 0.001
99 99 (0) 10 : 0.073 0.000 0.000 0.000 0.001 0.000 0.157 0.000 0.769 0.000
100 100 (0) 10 : 0.000 0.001 0.000 0.001 0.000 0.000 0.000 0.001 0.990 0.007
101 101 (0) 10 : 0.060 0.000 0.000 0.001 0.000 0.000 0.162 0.000 0.776 0.000
102 102 (0) 10 : 0.000 0.009 0.000 0.001 0.001 0.000 0.000 0.001 0.986 0.002
103 103 (0) 10 : 0.000 0.000 0.000 0.000 0.007 0.000 0.000 0.000 0.992 0.001
1 1 (0) 1 : 0.001 0.000 0.001 0.000 0.000 0.753 0.000 0.244 0.000 0.000
2 2 (0) 1 : 0.001 0.000 0.000 0.000 0.000 0.433 0.000 0.566 0.000 0.000
3 3 (0) 1 : 0.073 0.000 0.000 0.002 0.000 0.862 0.000 0.061 0.000 0.002
4 4 (0) 1 : 0.004 0.000 0.000 0.000 0.000 0.708 0.000 0.287 0.000 0.000
5 5 (0) 1 : 0.000 0.000 0.000 0.000 0.000 0.048 0.000 0.951 0.000 0.000
6 6 (0) 1 : 0.001 0.000 0.000 0.616 0.000 0.383 0.000 0.000 0.000 0.000
7 7 (0) 1 : 0.001 0.000 0.009 0.358 0.000 0.630 0.000 0.000 0.000 0.000
8 8 (0) 1 : 0.002 0.000 0.009 0.002 0.001 0.724 0.000 0.262 0.000 0.001
9 9 (0) 1 : 0.002 0.000 0.000 0.166 0.000 0.589 0.000 0.242 0.000 0.000
10 10 (0) 1 : 0.000 0.629 0.000 0.107 0.000 0.066 0.000 0.198 0.000 0.000
11 11 (0) 1 : 0.070 0.000 0.022 0.000 0.000 0.889 0.000 0.000 0.000 0.019
12 12 (0) 1 : 0.002 0.425 0.000 0.026 0.000 0.352 0.000 0.195 0.000 0.000
13 13 (0) 2 : 0.000 0.000 0.000 0.000 0.000 0.000 1.000 0.000 0.000 0.000
14 14 (0) 2 : 0.000 0.000 0.000 0.000 0.000 0.000 1.000 0.000 0.000 0.000
15 15 (0) 2 : 0.000 0.000 0.000 0.000 0.000 0.000 1.000 0.000 0.000 0.000
16 16 (0) 3 : 0.000 0.000 0.055 0.000 0.856 0.001 0.000 0.000 0.000 0.088
17 17 (0) 3 : 0.000 0.000 0.000 0.000 0.998 0.000 0.000 0.000 0.000 0.000
18 18 (0) 3 : 0.001 0.000 0.001 0.000 0.914 0.002 0.000 0.000 0.000 0.082
19 19 (0) 3 : 0.000 0.340 0.000 0.011 0.559 0.000 0.001 0.088 0.000 0.000
20 20 (0) 3 : 0.000 0.640 0.000 0.000 0.360 0.000 0.000 0.000 0.000 0.000
21 21 (0) 3 : 0.022 0.000 0.001 0.000 0.883 0.054 0.000 0.000 0.000 0.040
22 22 (0) 3 : 0.000 0.310 0.000 0.000 0.689 0.000 0.000 0.000 0.000 0.000
23 23 (0) 3 : 0.002 0.000 0.016 0.000 0.773 0.093 0.000 0.000 0.000 0.116
24 24 (0) 3 : 0.012 0.000 0.014 0.000 0.863 0.006 0.000 0.000 0.000 0.106
25 25 (0) 3 : 0.000 0.096 0.002 0.000 0.884 0.001 0.000 0.001 0.000 0.015
26 26 (0) 3 : 0.001 0.000 0.001 0.000 0.997 0.001 0.000 0.000 0.000 0.000
27 27 (0) 3 : 0.000 0.000 0.000 0.000 0.998 0.000 0.000 0.000 0.000 0.000
28 28 (0) 4 : 0.001 0.000 0.000 0.000 0.000 0.997 0.000 0.000 0.000 0.000
29 29 (0) 4 : 0.001 0.000 0.000 0.000 0.000 0.999 0.000 0.000 0.000 0.000
30 30 (0) 4 : 0.001 0.000 0.000 0.000 0.000 0.999 0.000 0.000 0.000 0.000
31 31 (0) 4 : 0.000 0.000 0.003 0.000 0.000 0.943 0.000 0.052 0.000 0.002
32 32 (0) 4 : 0.001 0.000 0.000 0.000 0.000 0.959 0.001 0.039 0.000 0.000
33 33 (0) 4 : 0.001 0.000 0.000 0.000 0.000 0.999 0.000 0.000 0.000 0.000
34 34 (0) 4 : 0.000 0.000 0.000 0.000 0.000 0.999 0.000 0.000 0.000 0.000
35 35 (0) 5 : 0.998 0.000 0.000 0.000 0.000 0.001 0.000 0.000 0.000 0.000
36 36 (0) 5 : 0.998 0.000 0.000 0.000 0.000 0.002 0.000 0.000 0.000 0.000
37 37 (0) 5 : 0.998 0.000 0.000 0.000 0.000 0.001 0.000 0.000 0.000 0.000
38 38 (0) 5 : 0.998 0.000 0.001 0.000 0.000 0.001 0.000 0.000 0.000 0.000
39 39 (0) 5 : 0.999 0.000 0.000 0.000 0.000 0.000 0.000 0.000 0.000 0.000
40 40 (0) 5 : 0.630 0.187 0.000 0.000 0.000 0.000 0.000 0.183 0.000 0.000
41 41 (0) 5 : 0.999 0.000 0.000 0.000 0.000 0.000 0.000 0.000 0.000 0.000
42 42 (0) 5 : 0.914 0.086 0.000 0.000 0.000 0.000 0.000 0.000 0.000 0.000
43 43 (0) 5 : 0.971 0.000 0.001 0.000 0.000 0.028 0.000 0.000 0.000 0.000
44 44 (0) 5 : 0.999 0.000 0.000 0.000 0.000 0.000 0.000 0.000 0.000 0.000
45 45 (0) 5 : 0.995 0.000 0.000 0.000 0.000 0.004 0.000 0.000 0.000 0.000
46 46 (0) 5 : 0.999 0.000 0.000 0.000 0.000 0.000 0.000 0.000 0.000 0.000
47 47 (0) 5 : 0.999 0.000 0.000 0.000 0.000 0.001 0.000 0.000 0.000 0.000
48 48 (0) 6 : 0.000 0.000 0.007 0.000 0.003 0.984 0.000 0.000 0.002 0.004
49 49 (0) 6 : 0.001 0.000 0.000 0.000 0.000 0.997 0.000 0.000 0.000 0.000
50 50 (0) 6 : 0.006 0.000 0.016 0.000 0.000 0.960 0.000 0.000 0.000 0.017
51 51 (0) 6 : 0.002 0.000 0.000 0.000 0.000 0.991 0.000 0.000 0.006 0.000
52 52 (0) 6 : 0.000 0.000 0.001 0.000 0.000 0.996 0.000 0.000 0.000 0.002
53 53 (0) 6 : 0.000 0.000 0.002 0.000 0.004 0.993 0.000 0.000 0.000 0.000
54 54 (0) 6 : 0.003 0.000 0.002 0.000 0.000 0.995 0.000 0.000 0.000 0.000
55 55 (0) 6 : 0.000 0.000 0.008 0.000 0.000 0.991 0.000 0.000 0.000 0.000
56 56 (0) 6 : 0.001 0.000 0.135 0.001 0.000 0.862 0.000 0.000 0.000 0.000
57 57 (0) 6 : 0.001 0.000 0.000 0.000 0.000 0.998 0.000 0.000 0.000 0.000
58 58 (0) 6 : 0.007 0.000 0.004 0.000 0.003 0.080 0.000 0.000 0.795 0.109
59 59 (0) 7 : 0.001 0.000 0.000 0.000 0.001 0.001 0.000 0.000 0.996 0.001
60 60 (0) 7 : 0.000 0.000 0.000 0.000 0.002 0.002 0.000 0.000 0.994 0.001
61 61 (0) 7 : 0.001 0.000 0.000 0.000 0.000 0.004 0.000 0.000 0.983 0.011
62 62 (0) 7 : 0.000 0.000 0.001 0.000 0.000 0.000 0.000 0.000 0.985 0.014
63 63 (0) 7 : 0.015 0.000 0.001 0.000 0.000 0.001 0.000 0.000 0.980 0.002
64 64 (0) 7 : 0.001 0.000 0.002 0.000 0.000 0.001 0.000 0.000 0.996 0.001
65 65 (0) 7 : 0.000 0.000 0.001 0.000 0.001 0.014 0.000 0.000 0.977 0.007
66 66 (0) 8 : 0.041 0.000 0.850 0.000 0.006 0.102 0.000 0.000 0.000 0.000
67 67 (0) 8 : 0.001 0.000 0.998 0.000 0.000 0.001 0.000 0.000 0.000 0.000
68 68 (0) 8 : 0.000 0.000 0.997 0.000 0.001 0.001 0.000 0.000 0.000 0.001
69 69 (0) 8 : 0.000 0.000 0.999 0.000 0.000 0.001 0.000 0.000 0.000 0.000
70 70 (0) 8 : 0.000 0.000 0.965 0.000 0.000 0.034 0.000 0.000 0.000 0.000
71 71 (0) 8 : 0.009 0.000 0.883 0.000 0.000 0.108 0.000 0.000 0.000 0.000
72 72 (0) 8 : 0.001 0.000 0.993 0.000 0.002 0.002 0.000 0.000 0.000 0.003
73 73 (0) 8 : 0.000 0.048 0.843 0.000 0.000 0.001 0.000 0.109 0.000 0.000
74 74 (0) 8 : 0.000 0.047 0.949 0.000 0.002 0.002 0.000 0.000 0.000 0.000
75 75 (0) 8 : 0.001 0.000 0.923 0.000 0.003 0.073 0.000 0.000 0.000 0.000
76 76 (0) 8 : 0.002 0.000 0.866 0.000 0.002 0.128 0.000 0.000 0.000 0.002
77 77 (0) 8 : 0.002 0.000 0.973 0.000 0.000 0.023 0.000 0.000 0.001 0.001
78 78 (0) 9 : 0.108 0.021 0.001 0.000 0.000 0.751 0.000 0.000 0.000 0.120
79 79 (0) 9 : 0.083 0.000 0.002 0.000 0.001 0.911 0.000 0.000 0.000 0.003
80 80 (0) 9 : 0.073 0.000 0.000 0.000 0.000 0.927 0.000 0.000 0.000 0.000
81 81 (0) 9 : 0.092 0.075 0.001 0.000 0.000 0.819 0.000 0.012 0.000 0.001
82 82 (0) 9 : 0.078 0.000 0.044 0.049 0.002 0.827 0.000 0.000 0.000 0.000
83 83 (0) 9 : 0.109 0.000 0.027 0.000 0.000 0.857 0.000 0.000 0.001 0.006
84 84 (0) 9 : 0.003 0.000 0.000 0.000 0.000 0.889 0.000 0.000 0.000 0.107
85 85 (0) 9 : 0.103 0.000 0.001 0.000 0.000 0.891 0.000 0.000 0.004 0.000
86 86 (0) 9 : 0.042 0.046 0.001 0.021 0.000 0.782 0.011 0.095 0.000 0.002
87 87 (0) 9 : 0.158 0.000 0.000 0.000 0.001 0.840 0.000 0.000 0.000 0.000
88 88 (0) 9 : 0.100 0.000 0.002 0.000 0.001 0.898 0.000 0.000 0.000 0.000
89 89 (0) 9 : 0.088 0.000 0.000 0.145 0.000 0.736 0.030 0.000 0.000 0.000
90 90 (0) 9 : 0.066 0.033 0.000 0.022 0.000 0.878 0.000 0.000 0.000 0.000
91 91 (0) 10 : 0.001 0.000 0.001 0.000 0.102 0.001 0.000 0.000 0.026 0.868
92 92 (0) 10 : 0.001 0.000 0.064 0.000 0.005 0.002 0.000 0.000 0.002 0.927
93 93 (0) 10 : 0.002 0.000 0.000 0.000 0.000 0.000 0.000 0.000 0.000 0.997
94 94 (0) 10 : 0.001 0.000 0.000 0.000 0.002 0.000 0.000 0.000 0.000 0.996
95 95 (0) 10 : 0.000 0.000 0.000 0.000 0.000 0.001 0.000 0.000 0.000 0.998
96 96 (0) 10 : 0.003 0.000 0.001 0.000 0.001 0.003 0.000 0.000 0.013 0.979
97 97 (0) 10 : 0.003 0.000 0.001 0.000 0.086 0.068 0.000 0.000 0.031 0.811
98 98 (0) 10 : 0.006 0.000 0.001 0.000 0.000 0.000 0.000 0.000 0.000 0.992
99 99 (0) 10 : 0.000 0.155 0.000 0.000 0.000 0.000 0.000 0.075 0.000 0.769
100 100 (0) 10 : 0.002 0.000 0.001 0.000 0.000 0.009 0.000 0.000 0.001 0.987
101 101 (0) 10 : 0.000 0.161 0.000 0.000 0.000 0.000 0.000 0.061 0.001 0.777
102 102 (0) 10 : 0.001 0.000 0.011 0.000 0.001 0.001 0.000 0.000 0.001 0.985
103 103 (0) 10 : 0.000 0.000 0.001 0.000 0.006 0.000 0.000 0.000 0.000 0.992
1 1 (0) 1 : 0.000 0.003 0.003 0.224 0.763 0.000 0.006 0.000 0.000 0.001
2 2 (0) 1 : 0.000 0.000 0.000 0.517 0.482 0.000 0.000 0.000 0.000 0.001
3 3 (0) 1 : 0.000 0.000 0.002 0.055 0.859 0.001 0.014 0.000 0.000 0.069
4 4 (0) 1 : 0.000 0.000 0.000 0.268 0.726 0.000 0.001 0.000 0.000 0.005
5 5 (0) 1 : 0.000 0.000 0.000 0.862 0.136 0.000 0.002 0.000 0.000 0.000
6 6 (0) 1 : 0.000 0.000 0.000 0.000 0.383 0.000 0.616 0.000 0.000 0.000
7 7 (0) 1 : 0.000 0.001 0.000 0.000 0.630 0.000 0.367 0.000 0.000 0.002
8 8 (0) 1 : 0.000 0.002 0.000 0.214 0.739 0.000 0.031 0.008 0.001 0.004
9 9 (0) 1 : 0.000 0.000 0.000 0.210 0.614 0.000 0.175 0.000 0.000 0.001
10 10 (0) 1 : 0.000 0.000 0.000 0.082 0.120 0.000 0.098 0.699 0.000 0.000
11 11 (0) 1 : 0.000 0.029 0.000 0.000 0.890 0.003 0.007 0.000 0.000 0.071
12 12 (0) 1 : 0.000 0.000 0.000 0.170 0.392 0.000 0.001 0.435 0.000 0.002
13 13 (0) 2 : 1.000 0.000 0.000 0.000 0.000 0.000 0.000 0.000 0.000 0.000
14 14 (0) 2 : 1.000 0.000 0.000 0.000 0.000 0.000 0.000 0.000 0.000 0.000
15 15 (0) 2 : 1.000 0.000 0.000 0.000 0.000 0.000 0.000 0.000 0.000 0.000
16 16 (0) 3 : 0.000 0.046 0.000 0.000 0.058 0.016 0.000 0.000 0.880 0.001
17 17 (0) 3 : 0.000 0.000 0.000 0.000 0.001 0.000 0.000 0.000 0.998 0.000
18 18 (0) 3 : 0.000 0.001 0.000 0.000 0.073 0.016 0.000 0.000 0.909 0.000
19 19 (0) 3 : 0.001 0.000 0.000 0.076 0.000 0.000 0.001 0.340 0.583 0.000
20 20 (0) 3 : 0.000 0.000 0.000 0.000 0.000 0.000 0.000 0.622 0.377 0.000
21 21 (0) 3 : 0.000 0.001 0.000 0.000 0.130 0.002 0.000 0.000 0.865 0.002
22 22 (0) 3 : 0.000 0.000 0.000 0.001 0.000 0.000 0.000 0.299 0.699 0.000
23 23 (0) 3 : 0.000 0.007 0.000 0.000 0.189 0.035 0.000 0.000 0.769 0.000
24 24 (0) 3 : 0.000 0.002 0.000 0.000 0.117 0.013 0.000 0.000 0.867 0.002
25 25 (0) 3 : 0.000 0.001 0.000 0.002 0.007 0.001 0.000 0.093 0.895 0.000
26 26 (0) 3 : 0.000 0.001 0.000 0.000 0.003 0.000 0.000 0.000 0.993 0.003
27 27 (0) 3 : 0.000 0.001 0.000 0.000 0.009 0.000 0.000 0.000 0.990 0.001
28 28 (0) 4 : 0.000 0.000 0.000 0.000 0.996 0.000 0.002 0.000 0.000 0.001
29 29 (0) 4 : 0.000 0.000 0.000 0.000 0.999 0.000 0.000 0.000 0.000 0.000
30 30 (0) 4 : 0.000 0.000 0.000 0.000 0.999 0.000 0.000 0.000 0.000 0.000
31 31 (0) 4 : 0.000 0.001 0.000 0.049 0.948 0.000 0.000 0.000 0.000 0.000
32 32 (0) 4 : 0.001 0.000 0.023 0.036 0.940 0.000 0.000 0.000 0.000 0.001
33 33 (0) 4 : 0.000 0.000 0.000 0.000 0.999 0.000 0.000 0.000 0.000 0.001
34 34 (0) 4 : 0.000 0.000 0.000 0.000 0.999 0.000 0.000 0.000 0.000 0.000
35 35 (0) 5 : 0.000 0.000 0.000 0.000 0.004 0.000 0.000 0.000 0.000 0.996
36 36 (0) 5 : 0.000 0.000 0.000 0.000 0.004 0.000 0.000 0.000 0.000 0.996
37 37 (0) 5 : 0.000 0.000 0.000 0.000 0.003 0.000 0.000 0.000 0.000 0.997
38 38 (0) 5 : 0.000 0.000 0.000 0.000 0.002 0.000 0.000 0.000 0.000 0.998
39 39 (0) 5 : 0.000 0.000 0.000 0.000 0.000 0.000 0.000 0.000 0.000 0.999
40 40 (0) 5 : 0.000 0.000 0.000 0.165 0.000 0.000 0.000 0.186 0.000 0.649
41 41 (0) 5 : 0.000 0.000 0.000 0.000 0.002 0.000 0.000 0.000 0.000 0.998
42 42 (0) 5 : 0.000 0.000 0.001 0.000 0.000 0.000 0.000 0.084 0.000 0.915
43 43 (0) 5 : 0.000 0.000 0.000 0.000 0.039 0.000 0.000 0.000 0.000 0.960
44 44 (0) 5 : 0.000 0.000 0.000 0.000 0.000 0.000 0.000 0.000 0.000 0.999
45 45 (0) 5 : 0.000 0.000 0.000 0.000 0.011 0.000 0.000 0.000 0.000 0.988
46 46 (0) 5 : 0.000 0.000 0.000 0.000 0.000 0.000 0.000 0.000 0.000 0.999
47 47 (0) 5 : 0.000 0.000 0.000 0.000 0.002 0.000 0.000 0.000 0.000 0.998
48 48 (0) 6 : 0.000 0.005 0.000 0.000 0.982 0.007 0.000 0.000 0.006 0.000
49 49 (0) 6 : 0.000 0.000 0.000 0.000 0.996 0.000 0.000 0.000 0.000 0.003
50 50 (0) 6 : 0.000 0.017 0.000 0.000 0.968 0.006 0.000 0.000 0.001 0.008
51 51 (0) 6 : 0.000 0.000 0.000 0.000 0.992 0.006 0.000 0.000 0.000 0.001
52 52 (0) 6 : 0.000 0.002 0.000 0.000 0.996 0.002 0.000 0.000 0.000 0.000
53 53 (0) 6 : 0.000 0.001 0.000 0.000 0.991 0.000 0.000 0.000 0.007 0.001
54 54 (0) 6 : 0.000 0.004 0.000 0.000 0.994 0.000 0.000 0.000 0.000 0.001
55 55 (0) 6 : 0.000 0.008 0.000 0.000 0.990 0.000 0.000 0.000 0.000 0.001
56 56 (0) 6 : 0.000 0.115 0.000 0.000 0.878 0.000 0.006 0.000 0.000 0.001
57 57 (0) 6 : 0.000 0.000 0.000 0.000 0.995 0.000 0.000 0.001 0.000 0.002
58 58 (0) 6 : 0.000 0.001 0.000 0.000 0.071 0.927 0.000 0.000 0.001 0.001
59 59 (0) 7 : 0.000 0.000 0.000 0.000 0.003 0.995 0.000 0.000 0.001 0.001
60 60 (0) 7 : 0.000 0.000 0.000 0.000 0.001 0.998 0.000 0.000 0.000 0.000
61 61 (0) 7 : 0.000 0.001 0.000 0.000 0.002 0.996 0.000 0.000 0.000 0.001
62 62 (0) 7 : 0.000 0.000 0.000 0.000 0.000 0.999 0.000 0.000 0.000 0.000
63 63 (0) 7 : 0.000 0.001 0.000 0.000 0.001 0.995 0.000 0.000 0.000 0.003
64 64 (0) 7 : 0.000 0.001 0.000 0.000 0.001 0.998 0.000 0.000 0.000 0.000
65 65 (0) 7 : 0.000 0.001 0.000 0.000 0.045 0.954 0.000 0.000 0.000 0.000
66 66 (0) 8 : 0.000 0.775 0.000 0.000 0.184 0.000 0.000 0.000 0.005 0.035
67 67 (0) 8 : 0.000 0.973 0.000 0.000 0.026 0.000 0.000 0.000 0.000 0.001
68 68 (0) 8 : 0.000 0.958 0.000 0.000 0.040 0.001 0.000 0.000 0.001 0.001
69 69 (0) 8 : 0.000 0.954 0.000 0.000 0.045 0.000 0.000 0.000 0.000 0.000
70 70 (0) 8 : 0.000 0.881 0.000 0.000 0.119 0.000 0.000 0.000 0.000 0.000
71 71 (0) 8 : 0.000 0.825 0.000 0.000 0.171 0.000 0.000 0.000 0.000 0.004
72 72 (0) 8 : 0.000 0.940 0.000 0.000 0.057 0.000 0.000 0.000 0.001 0.001
73 73 (0) 8 : 0.000 0.829 0.000 0.094 0.027 0.000 0.000 0.049 0.000 0.000
74 74 (0) 8 : 0.000 0.894 0.000 0.000 0.061 0.000 0.000 0.042 0.002 0.000
75 75 (0) 8 : 0.000 0.861 0.000 0.000 0.137 0.000 0.000 0.000 0.002 0.000
76 76 (0) 8 : 0.000 0.806 0.000 0.000 0.188 0.000 0.000 0.000 0.004 0.002
77 77 (0) 8 : 0.000 0.911 0.000 0.000 0.087 0.000 0.000 0.000 0.000 0.001
78 78 (0) 9 : 0.000 0.001 0.151 0.000 0.755 0.000 0.000 0.000 0.000 0.093
79 79 (0) 9 : 0.000 0.001 0.067 0.000 0.842 0.000 0.000 0.000 0.000 0.089
80 80 (0) 9 : 0.000 0.000 0.094 0.000 0.833 0.000 0.000 0.000 0.000 0.073
81 81 (0) 9 : 0.000 0.000 0.239 0.000 0.706 0.000 0.000 0.000 0.000 0.054
82 82 (0) 9 : 0.000 0.021 0.137 0.000 0.765 0.000 0.000 0.000 0.000 0.077
83 83 (0) 9 : 0.000 0.023 0.064 0.000 0.798 0.001 0.000 0.000 0.000 0.113
84 84 (0) 9 : 0.000 0.001 0.100 0.000 0.885 0.004 0.000 0.000 0.000 0.009
85 85 (0) 9 : 0.000 0.001 0.039 0.000 0.860 0.001 0.000 0.000 0.000 0.099
86 86 (0) 9 : 0.001 0.000 0.285 0.000 0.712 0.000 0.000 0.000 0.000 0.001
87 87 (0) 9 : 0.000 0.000 0.061 0.000 0.789 0.000 0.000 0.000 0.000 0.149
88 88 (0) 9 : 0.000 0.001 0.055 0.000 0.843 0.000 0.000 0.000 0.000 0.100
89 89 (0) 9 : 0.001 0.000 0.161 0.000 0.674 0.000 0.102 0.000 0.000 0.061
90 90 (0) 9 : 0.000 0.000 0.155 0.000 0.816 0.000 0.000 0.000 0.000 0.028
91 91 (0) 10 : 0.000 0.003 0.002 0.000 0.111 0.752 0.000 0.000 0.128 0.004
92 92 (0) 10 : 0.000 0.037 0.000 0.000 0.153 0.795 0.000 0.000 0.014 0.001
93 93 (0) 10 : 0.000 0.001 0.001 0.000 0.117 0.878 0.000 0.000 0.000 0.003
94 94 (0) 10 : 0.000 0.001 0.000 0.000 0.134 0.832 0.000 0.000 0.030 0.003
95 95 (0) 10 : 0.000 0.000 0.000 0.000 0.121 0.878 0.000 0.000 0.000 0.000
96 96 (0) 10 : 0.000 0.001 0.000 0.000 0.168 0.827 0.000 0.000 0.000 0.004
97 97 (0) 10 : 0.000 0.001 0.001 0.000 0.163 0.735 0.000 0.000 0.099 0.002
98 98 (0) 10 : 0.000 0.002 0.000 0.000 0.125 0.869 0.000 0.000 0.001 0.003
99 99 (0) 10 : 0.000 0.001 0.000 0.070 0.001 0.759 0.000 0.164 0.005 0.001
100 100 (0) 10 : 0.000 0.001 0.000 0.000 0.149 0.847 0.000 0.000 0.001 0.001
101 101 (0) 10 : 0.000 0.001 0.000 0.058 0.001 0.773 0.000 0.161 0.006 0.000
102 102 (0) 10 : 0.000 0.006 0.000 0.000 0.155 0.836 0.000 0.000 0.002 0.000
103 103 (0) 10 : 0.000 0.000 0.000 0.000 0.148 0.844 0.000 0.000 0.006 0.001
1 1 (0) 1 : 0.000 0.000 0.001 0.000 0.000 0.000 0.002 0.278 0.719 0.000
2 2 (0) 1 : 0.140 0.000 0.000 0.000 0.000 0.000 0.001 0.476 0.383 0.000
3 3 (0) 1 : 0.000 0.001 0.000 0.000 0.000 0.000 0.078 0.079 0.841 0.000
4 4 (0) 1 : 0.000 0.000 0.000 0.000 0.000 0.000 0.002 0.328 0.670 0.000
5 5 (0) 1 : 0.000 0.000 0.000 0.000 0.000 0.000 0.000 0.999 0.000 0.000
6 6 (0) 1 : 0.000 0.000 0.000 0.000 0.000 0.111 0.000 0.492 0.396 0.000
7 7 (0) 1 : 0.000 0.000 0.001 0.000 0.000 0.065 0.002 0.298 0.634 0.000
8 8 (0) 1 : 0.074 0.001 0.003 0.000 0.000 0.000 0.002 0.224 0.696 0.000
9 9 (0) 1 : 0.000 0.000 0.000 0.000 0.000 0.000 0.002 0.440 0.557 0.000
10 10 (0) 1 : 0.903 0.000 0.000 0.000 0.000 0.000 0.000 0.000 0.015 0.081
11 11 (0) 1 : 0.000 0.024 0.031 0.000 0.000 0.000 0.076 0.000 0.868 0.000
12 12 (0) 1 : 0.505 0.000 0.000 0.000 0.000 0.000 0.001 0.133 0.290 0.070
13 13 (0) 2 : 0.000 0.000 0.000 0.000 0.000 1.000 0.000 0.000 0.000 0.000
14 14 (0) 2 : 0.000 0.000 0.000 0.000 0.000 1.000 0.000 0.000 0.000 0.000
15 15 (0) 2 : 0.000 0.000 0.000 0.000 0.000 1.000 0.000 0.000 0.000 0.000
16 16 (0) 3 : 0.000 0.077 0.057 0.000 0.865 0.000 0.000 0.000 0.000 0.000
17 17 (0) 3 : 0.000 0.000 0.000 0.000 0.999 0.000 0.000 0.000 0.000 0.000
18 18 (0) 3 : 0.000 0.090 0.004 0.000 0.866 0.000 0.001 0.000 0.002 0.037
19 19 (0) 3 : 0.444 0.000 0.000 0.000 0.536 0.001 0.000 0.000 0.000 0.019
20 20 (0) 3 : 0.000 0.000 0.000 0.000 0.140 0.000 0.000 0.000 0.000 0.860
21 21 (0) 3 : 0.000 0.024 0.004 0.000 0.893 0.000 0.023 0.000 0.055 0.000
22 22 (0) 3 : 0.188 0.000 0.000 0.000 0.648 0.000 0.000 0.000 0.000 0.164
23 23 (0) 3 : 0.000 0.111 0.023 0.000 0.784 0.000 0.001 0.000 0.080 0.000
24 24 (0) 3 : 0.000 0.096 0.011 0.000 0.873 0.000 0.016 0.000 0.004 0.000
25 25 (0) 3 : 0.092 0.003 0.001 0.000 0.877 0.000 0.000 0.000 0.000 0.027
26 26 (0) 3 : 0.000 0.000 0.001 0.000 0.997 0.000 0.001 0.000 0.001 0.000
27 27 (0) 3 : 0.000 0.000 0.000 0.000 0.998 0.000 0.001 0.000 0.000 0.000
28 28 (0) 4 : 0.000 0.000 0.000 0.000 0.000 0.000 0.001 0.000 0.998 0.000
29 29 (0) 4 : 0.000 0.000 0.000 0.000 0.000 0.000 0.000 0.000 0.998 0.000
30 30 (0) 4 : 0.000 0.000 0.000 0.000 0.000 0.000 0.001 0.000 0.999 0.000
31 31 (0) 4 : 0.000 0.001 0.003 0.000 0.000 0.000 0.001 0.054 0.938 0.002
32 32 (0) 4 : 0.000 0.000 0.000 0.000 0.000 0.000 0.001 0.039 0.958 0.000
33 33 (0) 4 : 0.000 0.000 0.000 0.000 0.000 0.000 0.000 0.000 0.999 0.000
34 34 (0) 4 : 0.000 0.000 0.000 0.000 0.000 0.000 0.000 0.000 0.999 0.000
35 35 (0) 5 : 0.000 0.000 0.000 0.000 0.000 0.000 0.996 0.000 0.003 0.000
36 36 (0) 5 : 0.000 0.000 0.000 0.000 0.000 0.000 0.998 0.000 0.002 0.000
37 37 (0) 5 : 0.000 0.000 0.000 0.000 0.000 0.000 0.998 0.000 0.001 0.000
38 38 (0) 5 : 0.000 0.000 0.001 0.000 0.000 0.000 0.998 0.000 0.001 0.000
39 39 (0) 5 : 0.000 0.000 0.000 0.000 0.000 0.000 0.999 0.000 0.000 0.000
40 40 (0) 5 : 0.235 0.000 0.000 0.000 0.000 0.000 0.603 0.136 0.000 0.026
41 41 (0) 5 : 0.000 0.000 0.000 0.000 0.000 0.000 0.999 0.000 0.000 0.000
42 42 (0) 5 : 0.101 0.000 0.000 0.000 0.000 0.000 0.898 0.000 0.000 0.000
43 43 (0) 5 : 0.000 0.000 0.001 0.000 0.000 0.000 0.968 0.000 0.031 0.000
44 44 (0) 5 : 0.000 0.000 0.000 0.000 0.000 0.000 0.999 0.000 0.000 0.000
45 45 (0) 5 : 0.000 0.000 0.001 0.000 0.000 0.000 0.995 0.000 0.004 0.000
46 46 (0) 5 : 0.000 0.000 0.000 0.000 0.000 0.000 0.999 0.000 0.000 0.000
47 47 (0) 5 : 0.000 0.000 0.000 0.000 0.000 0.000 0.999 0.000 0.001 0.000
48 48 (0) 6 : 0.000 0.003 0.003 0.001 0.004 0.000 0.000 0.000 0.987 0.000
49 49 (0) 6 : 0.000 0.000 0.000 0.000 0.000 0.000 0.004 0.000 0.995 0.000
50 50 (0) 6 : 0.000 0.018 0.010 0.000 0.000 0.000 0.013 0.000 0.958 0.000
51 51 (0) 6 : 0.000 0.000 0.000 0.005 0.000 0.000 0.002 0.000 0.992 0.000
52 52 (0) 6 : 0.000 0.003 0.002 0.000 0.000 0.000 0.001 0.000 0.994 0.000
53 53 (0) 6 : 0.000 0.000 0.002 0.000 0.005 0.000 0.001 0.000 0.992 0.000
54 54 (0) 6 : 0.000 0.000 0.003 0.000 0.000 0.000 0.003 0.000 0.994 0.000
55 55 (0) 6 : 0.000 0.000 0.007 0.000 0.000 0.000 0.001 0.000 0.991 0.000
56 56 (0) 6 : 0.000 0.000 0.130 0.000 0.000 0.000 0.002 0.000 0.868 0.000
57 57 (0) 6 : 0.000 0.000 0.000 0.000 0.000 0.000 0.003 0.000 0.996 0.000
58 58 (0) 6 : 0.000 0.113 0.009 0.800 0.002 0.000 0.012 0.000 0.064 0.000
59 59 (0) 7 : 0.000 0.001 0.000 0.995 0.002 0.000 0.001 0.000 0.001 0.000
60 60 (0) 7 : 0.000 0.002 0.000 0.994 0.002 0.000 0.000 0.000 0.001 0.000
61 61 (0) 7 : 0.000 0.006 0.001 0.989 0.000 0.000 0.001 0.000 0.002 0.000
62 62 (0) 7 : 0.000 0.018 0.000 0.981 0.000 0.000 0.000 0.000 0.000 0.000
63 63 (0) 7 : 0.000 0.002 0.001 0.983 0.000 0.000 0.012 0.000 0.001 0.000
64 64 (0) 7 : 0.000 0.000 0.001 0.996 0.001 0.000 0.001 0.000 0.001 0.000
65 65 (0) 7 : 0.000 0.006 0.001 0.977 0.000 0.000 0.000 0.000 0.016 0.000
66 66 (0) 8 : 0.000 0.000 0.850 0.000 0.005 0.000 0.044 0.000 0.099 0.000
67 67 (0) 8 : 0.000 0.000 0.998 0.000 0.000 0.000 0.001 0.000 0.001 0.000
68 68 (0) 8 : 0.000 0.001 0.997 0.000 0.000 0.000 0.000 0.000 0.001 0.000
69 69 (0) 8 : 0.000 0.000 0.999 0.000 0.000 0.000 0.000 0.000 0.001 0.000
70 70 (0) 8 : 0.000 0.000 0.965 0.000 0.000 0.000 0.000 0.000 0.034 0.000
71 71 (0) 8 : 0.000 0.000 0.883 0.000 0.000 0.000 0.014 0.000 0.102 0.000
72 72 (0) 8 : 0.000 0.002 0.994 0.000 0.002 0.000 0.001 0.000 0.001 0.000
73 73 (0) 8 : 0.085 0.000 0.836 0.000 0.000 0.000 0.000 0.078 0.000 0.000
74 74 (0) 8 : 0.052 0.000 0.945 0.000 0.002 0.000 0.000 0.000 0.001 0.000
75 75 (0) 8 : 0.000 0.000 0.931 0.000 0.004 0.000 0.008 0.000 0.056 0.000
76 76 (0) 8 : 0.000 0.002 0.869 0.000 0.003 0.000 0.003 0.000 0.123 0.000
77 77 (0) 8 : 0.000 0.001 0.979 0.001 0.000 0.000 0.002 0.000 0.016 0.000
78 78 (0) 9 : 0.001 0.132 0.001 0.000 0.000 0.000 0.114 0.000 0.740 0.012
79 79 (0) 9 : 0.000 0.002 0.001 0.000 0.001 0.000 0.086 0.000 0.909 0.000
80 80 (0) 9 : 0.000 0.000 0.000 0.000 0.000 0.000 0.073 0.000 0.926 0.000
81 81 (0) 9 : 0.095 0.001 0.002 0.000 0.001 0.000 0.087 0.002 0.812 0.000
82 82 (0) 9 : 0.002 0.000 0.057 0.000 0.000 0.019 0.069 0.000 0.852 0.000
83 83 (0) 9 : 0.000 0.003 0.046 0.001 0.000 0.000 0.108 0.000 0.842 0.000
84 84 (0) 9 : 0.000 0.108 0.001 0.000 0.000 0.000 0.005 0.000 0.886 0.000
85 85 (0) 9 : 0.000 0.000 0.001 0.005 0.000 0.000 0.111 0.000 0.883 0.000
86 86 (0) 9 : 0.045 0.002 0.001 0.000 0.000 0.011 0.036 0.128 0.771 0.006
87 87 (0) 9 : 0.000 0.001 0.001 0.000 0.001 0.000 0.164 0.000 0.834 0.000
88 88 (0) 9 : 0.000 0.000 0.003 0.000 0.001 0.000 0.102 0.000 0.894 0.000
89 89 (0) 9 : 0.049 0.000 0.000 0.000 0.000 0.047 0.080 0.061 0.762 0.000
90 90 (0) 9 : 0.051 0.000 0.000 0.000 0.000 0.000 0.063 0.001 0.884 0.000
91 91 (0) 10 : 0.000 0.864 0.002 0.021 0.109 0.000 0.002 0.000 0.002 0.000
92 92 (0) 10 : 0.000 0.933 0.051 0.001 0.008 0.000 0.002 0.000 0.005 0.000
93 93 (0) 10 : 0.000 0.997 0.000 0.000 0.001 0.000 0.002 0.000 0.000 0.000
94 94 (0) 10 : 0.000 0.995 0.000 0.000 0.003 0.000 0.002 0.000 0.000 0.000
95 95 (0) 10 : 0.000 0.998 0.000 0.001 0.000 0.000 0.000 0.000 0.001 0.000
96 96 (0) 10 : 0.000 0.982 0.001 0.011 0.001 0.000 0.003 0.000 0.002 0.000
97 97 (0) 10 : 0.000 0.811 0.000 0.033 0.097 0.000 0.006 0.000 0.053 0.000
98 98 (0) 10 : 0.000 0.994 0.000 0.000 0.000 0.000 0.004 0.000 0.001 0.000
99 99 (0) 10 : 0.192 0.765 0.000 0.000 0.001 0.000 0.000 0.003 0.000 0.040
100 100 (0) 10 : 0.000 0.992 0.001 0.001 0.000 0.000 0.001 0.000 0.004 0.000
101 101 (0) 10 : 0.233 0.766 0.000 0.001 0.000 0.000 0.000 0.000 0.000 0.000
102 102 (0) 10 : 0.000 0.988 0.008 0.001 0.001 0.000 0.001 0.000 0.001 0.000
103 103 (0) 10 : 0.000 0.992 0.000 0.000 0.006 0.000 0.000 0.000 0.001 0.000
