1 1 (0) 1 : 0.025 0.178 0.000 0.000 0.000 0.000 0.001 0.000 0.001 0.528 0.000 0.066 0.000 0.199
2 2 (0) 1 : 0.000 0.032 0.001 0.000 0.000 0.000 0.000 0.000 0.000 0.371 0.000 0.113 0.000 0.482
3 3 (0) 1 : 0.026 0.230 0.078 0.000 0.001 0.000 0.002 0.000 0.002 0.573 0.000 0.025 0.000 0.065
4 4 (0) 1 : 0.006 0.124 0.006 0.000 0.000 0.000 0.056 0.000 0.000 0.482 0.000 0.074 0.000 0.251
5 5 (0) 1 : 0.000 0.000 0.000 0.000 0.000 0.000 0.000 0.000 0.000 0.162 0.000 0.837 0.000 0.000
6 6 (0) 1 : 0.000 0.059 0.000 0.000 0.000 0.000 0.000 0.000 0.614 0.319 0.000 0.000 0.000 0.007
7 7 (0) 1 : 0.003 0.122 0.003 0.000 0.000 0.000 0.001 0.000 0.352 0.484 0.000 0.000 0.000 0.034
8 8 (0) 1 : 0.003 0.166 0.002 0.001 0.000 0.000 0.018 0.001 0.006 0.515 0.000 0.070 0.000 0.219
9 9 (0) 1 : 0.000 0.069 0.001 0.000 0.000 0.000 0.000 0.000 0.199 0.502 0.000 0.136 0.000 0.092
10 10 (0) 1 : 0.000 0.012 0.000 0.000 0.000 0.674 0.000 0.000 0.095 0.076 0.000 0.000 0.000 0.142
11 11 (0) 1 : 0.006 0.326 0.084 0.000 0.005 0.000 0.009 0.002 0.001 0.542 0.000 0.000 0.000 0.024
12 12 (0) 1 : 0.003 0.107 0.004 0.000 0.000 0.448 0.001 0.000 0.003 0.244 0.000 0.063 0.000 0.126
13 13 (0) 2 : 0.000 0.000 0.000 0.000 0.000 0.000 0.000 0.000 0.000 0.000 1.000 0.000 0.000 0.000
14 14 (0) 2 : 0.000 0.000 0.000 0.000 0.000 0.000 0.000 0.000 0.000 0.000 1.000 0.000 0.000 0.000
15 15 (0) 2 : 0.000 0.000 0.000 0.000 0.000 0.000 0.000 0.000 0.000 0.000 1.000 0.000 0.000 0.000
16 16 (0) 3 : 0.000 0.000 0.000 0.566 0.025 0.000 0.000 0.001 0.000 0.408 0.000 0.000 0.000 0.000
17 17 (0) 3 : 0.000 0.000 0.000 0.620 0.000 0.000 0.000 0.000 0.000 0.379 0.000 0.000 0.000 0.000
18 18 (0) 3 : 0.000 0.000 0.000 0.577 0.004 0.000 0.000 0.000 0.000 0.418 0.000 0.000 0.000 0.000
19 19 (0) 3 : 0.000 0.000 0.000 0.435 0.000 0.406 0.000 0.000 0.001 0.149 0.000 0.009 0.000 0.000
20 20 (0) 3 : 0.000 0.000 0.000 0.360 0.000 0.637 0.000 0.000 0.000 0.002 0.000 0.000 0.000 0.000
21 21 (0) 3 : 0.000 0.000 0.001 0.561 0.001 0.000 0.000 0.001 0.000 0.435 0.000 0.000 0.000 0.000
22 22 (0) 3 : 0.000 0.000 0.000 0.512 0.000 0.303 0.000 0.000 0.000 0.184 0.000 0.000 0.000 0.001
23 23 (0) 3 : 0.000 0.000 0.000 0.471 0.040 0.000 0.000 0.003 0.000 0.485 0.000 0.000 0.000 0.000
24 24 (0) 3 : 0.000 0.000 0.001 0.568 0.005 0.000 0.000 0.000 0.000 0.425 0.000 0.000 0.001 0.000
25 25 (0) 3 : 0.000 0.000 0.000 0.562 0.000 0.092 0.000 0.000 0.000 0.346 0.000 0.000 0.000 0.000
26 26 (0) 3 : 0.000 0.000 0.000 0.604 0.000 0.000 0.000 0.000 0.000 0.395 0.000 0.000 0.000 0.000
27 27 (0) 3 : 0.000 0.000 0.000 0.638 0.000 0.000 0.000 0.000 0.000 0.362 0.000 0.000 0.000 0.000
28 28 (0) 4 : 0.000 0.066 0.000 0.000 0.000 0.000 0.398 0.000 0.000 0.535 0.000 0.000 0.000 0.000
29 29 (0) 4 : 0.000 0.042 0.000 0.000 0.000 0.000 0.364 0.000 0.000 0.593 0.000 0.000 0.000 0.000
30 30 (0) 4 : 0.000 0.008 0.000 0.000 0.000 0.000 0.417 0.000 0.000 0.574 0.000 0.000 0.000 0.000
31 31 (0) 4 : 0.000 0.112 0.000 0.000 0.000 0.000 0.368 0.000 0.000 0.495 0.000 0.024 0.000 0.000
32 32 (0) 4 : 0.001 0.009 0.002 0.000 0.000 0.000 0.530 0.000 0.000 0.457 0.000 0.000 0.000 0.000
33 33 (0) 4 : 0.000 0.043 0.001 0.000 0.000 0.000 0.404 0.000 0.000 0.553 0.000 0.000 0.000 0.000
34 34 (0) 4 : 0.000 0.000 0.000 0.000 0.000 0.000 0.430 0.000 0.000 0.569 0.000 0.000 0.000 0.000
35 35 (0) 5 : 0.000 0.000 0.949 0.000 0.000 0.000 0.000 0.000 0.000 0.050 0.000 0.000 0.000 0.000
36 36 (0) 5 : 0.000 0.000 0.971 0.000 0.000 0.000 0.001 0.000 0.000 0.028 0.000 0.000 0.000 0.000
37 37 (0) 5 : 0.000 0.000 0.970 0.000 0.000 0.000 0.000 0.000 0.000 0.029 0.000 0.000 0.000 0.000
38 38 (0) 5 : 0.000 0.001 0.978 0.000 0.000 0.000 0.000 0.000 0.000 0.020 0.000 0.000 0.000 0.000
39 39 (0) 5 : 0.000 0.000 0.958 0.000 0.000 0.000 0.000 0.000 0.000 0.042 0.000 0.000 0.000 0.000
40 40 (0) 5 : 0.000 0.000 0.646 0.000 0.000 0.219 0.000 0.000 0.000 0.000 0.000 0.062 0.000 0.072
41 41 (0) 5 : 0.000 0.000 0.922 0.000 0.000 0.000 0.000 0.000 0.000 0.077 0.000 0.000 0.000 0.000
42 42 (0) 5 : 0.000 0.000 0.912 0.000 0.000 0.087 0.000 0.000 0.000 0.000 0.000 0.000 0.000 0.000
43 43 (0) 5 : 0.000 0.001 0.903 0.000 0.000 0.000 0.000 0.000 0.000 0.096 0.000 0.000 0.000 0.000
44 44 (0) 5 : 0.000 0.000 0.975 0.000 0.000 0.000 0.000 0.000 0.000 0.024 0.000 0.000 0.000 0.000
45 45 (0) 5 : 0.000 0.000 0.969 0.000 0.000 0.000 0.001 0.000 0.000 0.030 0.000 0.000 0.000 0.000
46 46 (0) 5 : 0.000 0.000 0.964 0.000 0.000 0.000 0.000 0.000 0.000 0.035 0.000 0.000 0.000 0.000
47 47 (0) 5 : 0.000 0.000 0.970 0.000 0.000 0.000 0.000 0.000 0.000 0.029 0.000 0.000 0.000 0.000
48 48 (0) 6 : 0.000 0.506 0.000 0.002 0.001 0.000 0.001 0.002 0.000 0.488 0.000 0.000 0.000 0.000
49 49 (0) 6 : 0.001 0.480 0.003 0.000 0.000 0.000 0.039 0.000 0.000 0.477 0.000 0.000 0.000 0.000
50 50 (0) 6 : 0.000 0.487 0.007 0.000 0.007 0.000 0.018 0.001 0.000 0.479 0.000 0.000 0.000 0.000
51 51 (0) 6 : 0.000 0.515 0.001 0.000 0.000 0.000 0.001 0.000 0.000 0.482 0.000 0.000 0.000 0.000
52 52 (0) 6 : 0.000 0.498 0.000 0.000 0.000 0.000 0.001 0.000 0.000 0.500 0.000 0.000 0.000 0.000
53 53 (0) 6 : 0.000 0.462 0.000 0.001 0.000 0.000 0.026 0.000 0.000 0.510 0.000 0.000 0.000 0.000
54 54 (0) 6 : 0.000 0.472 0.005 0.000 0.000 0.000 0.004 0.001 0.000 0.518 0.000 0.000 0.000 0.000
55 55 (0) 6 : 0.000 0.508 0.001 0.000 0.000 0.000 0.042 0.001 0.000 0.448 0.000 0.000 0.000 0.000
56 56 (0) 6 : 0.000 0.449 0.002 0.000 0.000 0.000 0.001 0.082 0.000 0.466 0.000 0.000 0.000 0.000
57 57 (0) 6 : 0.000 0.528 0.003 0.000 0.000 0.000 0.001 0.000 0.000 0.468 0.000 0.000 0.000 0.000
58 58 (0) 6 : 0.000 0.000 0.001 0.000 0.034 0.000 0.000 0.000 0.000 0.393 0.000 0.000 0.570 0.000
59 59 (0) 7 : 0.000 0.000 0.000 0.000 0.000 0.000 0.000 0.000 0.000 0.331 0.000 0.000 0.667 0.000
60 60 (0) 7 : 0.000 0.000 0.000 0.000 0.000 0.000 0.000 0.000 0.000 0.347 0.000 0.000 0.652 0.000
61 61 (0) 7 : 0.000 0.001 0.000 0.000 0.001 0.000 0.000 0.000 0.000 0.312 0.000 0.000 0.685 0.000
62 62 (0) 7 : 0.000 0.000 0.000 0.000 0.004 0.000 0.000 0.000 0.000 0.313 0.000 0.000 0.682 0.000
63 63 (0) 7 : 0.000 0.000 0.001 0.000 0.000 0.000 0.000 0.000 0.000 0.315 0.000 0.000 0.683 0.000
64 64 (0) 7 : 0.000 0.000 0.000 0.000 0.000 0.000 0.000 0.000 0.000 0.333 0.000 0.000 0.666 0.000
65 65 (0) 7 : 0.000 0.000 0.000 0.000 0.001 0.000 0.000 0.000 0.000 0.331 0.000 0.000 0.667 0.000
66 66 (0) 8 : 0.000 0.007 0.027 0.002 0.000 0.000 0.000 0.436 0.000 0.527 0.000 0.000 0.000 0.000
67 67 (0) 8 : 0.000 0.000 0.000 0.000 0.000 0.000 0.000 0.575 0.000 0.424 0.000 0.000 0.000 0.000
68 68 (0) 8 : 0.000 0.000 0.000 0.000 0.000 0.000 0.000 0.545 0.000 0.454 0.000 0.000 0.000 0.000
69 69 (0) 8 : 0.000 0.000 0.000 0.000 0.000 0.000 0.000 0.526 0.000 0.473 0.000 0.000 0.000 0.000
70 70 (0) 8 : 0.000 0.000 0.000 0.000 0.000 0.000 0.000 0.479 0.000 0.520 0.000 0.000 0.000 0.000
71 71 (0) 8 : 0.000 0.001 0.025 0.000 0.000 0.000 0.005 0.465 0.000 0.504 0.000 0.000 0.000 0.000
72 72 (0) 8 : 0.000 0.000 0.000 0.000 0.000 0.000 0.000 0.513 0.000 0.486 0.000 0.000 0.000 0.000
73 73 (0) 8 : 0.000 0.000 0.000 0.000 0.000 0.062 0.000 0.459 0.000 0.399 0.000 0.037 0.000 0.041
74 74 (0) 8 : 0.000 0.000 0.000 0.001 0.000 0.047 0.000 0.494 0.000 0.457 0.000 0.000 0.000 0.000
75 75 (0) 8 : 0.000 0.000 0.003 0.001 0.000 0.000 0.000 0.487 0.000 0.508 0.000 0.000 0.000 0.000
76 76 (0) 8 : 0.000 0.032 0.004 0.001 0.001 0.000 0.000 0.464 0.000 0.497 0.000 0.000 0.000 0.000
77 77 (0) 8 : 0.000 0.000 0.001 0.000 0.000 0.000 0.000 0.547 0.000 0.452 0.000 0.000 0.000 0.000
78 78 (0) 9 : 0.228 0.174 0.084 0.000 0.000 0.000 0.000 0.001 0.000 0.513 0.000 0.000 0.000 0.000
79 79 (0) 9 : 0.131 0.246 0.076 0.000 0.000 0.000 0.002 0.000 0.000 0.545 0.000 0.000 0.000 0.000
80 80 (0) 9 : 0.165 0.202 0.070 0.000 0.000 0.000 0.000 0.000 0.000 0.563 0.000 0.000 0.000 0.000
81 81 (0) 9 : 0.328 0.127 0.041 0.000 0.000 0.000 0.001 0.000 0.000 0.502 0.000 0.000 0.000 0.000
82 82 (0) 9 : 0.206 0.122 0.078 0.000 0.000 0.000 0.062 0.008 0.001 0.522 0.000 0.000 0.000 0.000
83 83 (0) 9 : 0.131 0.195 0.103 0.000 0.000 0.000 0.000 0.014 0.000 0.556 0.000 0.000 0.000 0.000
84 84 (0) 9 : 0.178 0.188 0.005 0.000 0.001 0.000 0.004 0.000 0.000 0.623 0.000 0.000 0.000 0.000
85 85 (0) 9 : 0.099 0.209 0.083 0.000 0.000 0.000 0.002 0.000 0.000 0.602 0.000 0.000 0.003 0.000
86 86 (0) 9 : 0.272 0.168 0.005 0.000 0.000 0.014 0.003 0.000 0.000 0.482 0.004 0.051 0.000 0.000
87 87 (0) 9 : 0.118 0.212 0.130 0.000 0.000 0.000 0.000 0.000 0.000 0.539 0.000 0.000 0.000 0.000
88 88 (0) 9 : 0.101 0.259 0.089 0.000 0.000 0.000 0.004 0.000 0.000 0.547 0.000 0.000 0.000 0.000
89 89 (0) 9 : 0.253 0.071 0.054 0.000 0.000 0.000 0.001 0.000 0.101 0.521 0.000 0.000 0.000 0.000
90 90 (0) 9 : 0.233 0.182 0.015 0.000 0.000 0.000 0.000 0.000 0.000 0.569 0.000 0.000 0.000 0.000
91 91 (0) 10 : 0.000 0.000 0.001 0.049 0.507 0.000 0.000 0.000 0.000 0.424 0.000 0.000 0.018 0.000
92 92 (0) 10 : 0.000 0.001 0.001 0.001 0.536 0.000 0.000 0.001 0.000 0.458 0.000 0.000 0.001 0.000
93 93 (0) 10 : 0.000 0.000 0.001 0.000 0.595 0.000 0.000 0.000 0.000 0.404 0.000 0.000 0.000 0.000
94 94 (0) 10 : 0.000 0.000 0.002 0.001 0.575 0.000 0.000 0.000 0.000 0.422 0.000 0.000 0.000 0.000
95 95 (0) 10 : 0.000 0.000 0.000 0.000 0.561 0.000 0.000 0.000 0.000 0.438 0.000 0.000 0.000 0.000
96 96 (0) 10 : 0.000 0.000 0.000 0.000 0.561 0.000 0.000 0.000 0.000 0.434 0.000 0.000 0.004 0.000
97 97 (0) 10 : 0.001 0.002 0.002 0.055 0.491 0.000 0.000 0.000 0.000 0.422 0.000 0.000 0.026 0.000
98 98 (0) 10 : 0.000 0.000 0.001 0.000 0.586 0.000 0.000 0.000 0.000 0.413 0.000 0.000 0.000 0.000
99 99 (0) 10 : 0.000 0.000 0.000 0.001 0.503 0.168 0.000 0.000 0.000 0.280 0.000 0.000 0.000 0.049
100 100 (0) 10 : 0.000 0.000 0.000 0.000 0.566 0.000 0.000 0.000 0.000 0.433 0.000 0.000 0.000 0.000
101 101 (0) 10 : 0.000 0.000 0.000 0.000 0.506 0.187 0.000 0.000 0.000 0.294 0.000 0.000 0.001 0.011
102 102 (0) 10 : 0.000 0.000 0.000 0.000 0.548 0.000 0.000 0.000 0.000 0.450 0.000 0.000 0.000 0.000
103 103 (0) 10 : 0.000 0.000 0.000 0.001 0.557 0.000 0.000 0.000 0.000 0.441 0.000 0.000 0.000 0.000
1 1 (0) 1 : 0.511 0.060 0.000 0.000 0.000 0.000 0.195 0.001 0.000 0.002 0.230 0.001 0.000 0.000
2 2 (0) 1 : 0.355 0.201 0.000 0.000 0.000 0.000 0.065 0.001 0.003 0.000 0.375 0.000 0.000 0.000
3 3 (0) 1 : 0.562 0.000 0.000 0.000 0.000 0.000 0.241 0.071 0.000 0.001 0.113 0.012 0.000 0.000
4 4 (0) 1 : 0.463 0.022 0.000 0.000 0.000 0.000 0.129 0.003 0.000 0.051 0.331 0.000 0.000 0.000
5 5 (0) 1 : 0.139 0.319 0.000 0.000 0.001 0.000 0.000 0.000 0.000 0.000 0.541 0.000 0.000 0.000
6 6 (0) 1 : 0.328 0.000 0.000 0.000 0.000 0.000 0.005 0.001 0.000 0.000 0.585 0.003 0.078 0.000
7 7 (0) 1 : 0.469 0.000 0.000 0.000 0.000 0.000 0.112 0.001 0.000 0.001 0.381 0.000 0.034 0.000
8 8 (0) 1 : 0.499 0.094 0.000 0.000 0.000 0.000 0.196 0.003 0.022 0.013 0.172 0.001 0.000 0.000
9 9 (0) 1 : 0.480 0.000 0.000 0.000 0.000 0.000 0.049 0.001 0.000 0.000 0.470 0.000 0.000 0.000
10 10 (0) 1 : 0.090 0.000 0.000 0.000 0.000 0.000 0.009 0.000 0.900 0.000 0.000 0.000 0.000 0.000
11 11 (0) 1 : 0.527 0.000 0.001 0.000 0.000 0.000 0.351 0.083 0.000 0.008 0.023 0.003 0.000 0.003
12 12 (0) 1 : 0.225 0.404 0.000 0.000 0.073 0.000 0.162 0.004 0.121 0.003 0.000 0.008 0.000 0.000
13 13 (0) 2 : 0.000 0.000 0.000 0.000 0.000 0.000 0.000 0.000 0.000 0.000 0.000 0.000 1.000 0.000
14 14 (0) 2 : 0.000 0.000 0.000 0.000 0.000 0.000 0.000 0.000 0.000 0.000 0.000 0.000 1.000 0.000
15 15 (0) 2 : 0.000 0.000 0.000 0.000 0.000 0.000 0.000 0.000 0.000 0.000 0.000 0.000 1.000 0.000
16 16 (0) 3 : 0.410 0.000 0.001 0.568 0.000 0.000 0.000 0.000 0.000 0.000 0.000 0.000 0.000 0.020
17 17 (0) 3 : 0.385 0.000 0.000 0.614 0.000 0.000 0.000 0.000 0.000 0.000 0.000 0.000 0.000 0.000
18 18 (0) 3 : 0.440 0.000 0.000 0.511 0.040 0.000 0.000 0.000 0.000 0.000 0.000 0.000 0.000 0.008
19 19 (0) 3 : 0.147 0.301 0.000 0.433 0.034 0.000 0.000 0.000 0.058 0.000 0.000 0.000 0.026 0.000
20 20 (0) 3 : 0.013 0.000 0.000 0.116 0.871 0.000 0.000 0.000 0.000 0.000 0.000 0.000 0.000 0.000
21 21 (0) 3 : 0.435 0.000 0.001 0.561 0.000 0.000 0.000 0.001 0.000 0.000 0.000 0.000 0.000 0.001
22 22 (0) 3 : 0.178 0.171 0.000 0.483 0.168 0.000 0.000 0.000 0.000 0.000 0.000 0.000 0.000 0.000
23 23 (0) 3 : 0.486 0.000 0.003 0.472 0.000 0.000 0.000 0.000 0.000 0.000 0.000 0.000 0.000 0.038
24 24 (0) 3 : 0.426 0.000 0.000 0.568 0.000 0.000 0.000 0.001 0.000 0.000 0.000 0.000 0.000 0.004
25 25 (0) 3 : 0.346 0.064 0.000 0.548 0.030 0.000 0.000 0.000 0.010 0.000 0.000 0.000 0.000 0.000
26 26 (0) 3 : 0.399 0.000 0.000 0.600 0.000 0.000 0.000 0.000 0.000 0.000 0.000 0.000 0.000 0.000
27 27 (0) 3 : 0.368 0.000 0.000 0.631 0.000 0.000 0.000 0.000 0.000 0.000 0.000 0.000 0.000 0.000
28 28 (0) 4 : 0.533 0.000 0.000 0.000 0.000 0.000 0.071 0.000 0.000 0.395 0.000 0.000 0.000 0.000
29 29 (0) 4 : 0.599 0.000 0.000 0.000 0.000 0.000 0.045 0.000 0.000 0.355 0.000 0.000 0.000 0.000
30 30 (0) 4 : 0.576 0.000 0.000 0.000 0.000 0.000 0.008 0.001 0.000 0.415 0.000 0.000 0.000 0.000
31 31 (0) 4 : 0.477 0.000 0.000 0.000 0.000 0.000 0.115 0.000 0.000 0.407 0.000 0.000 0.000 0.000
32 32 (0) 4 : 0.459 0.000 0.000 0.000 0.000 0.000 0.008 0.002 0.000 0.530 0.000 0.000 0.000 0.000
33 33 (0) 4 : 0.555 0.000 0.000 0.000 0.000 0.000 0.045 0.001 0.000 0.398 0.000 0.000 0.000 0.000
34 34 (0) 4 : 0.573 0.000 0.000 0.000 0.000 0.000 0.000 0.000 0.000 0.426 0.000 0.000 0.000 0.000
35 35 (0) 5 : 0.049 0.000 0.000 0.000 0.000 0.000 0.000 0.950 0.000 0.000 0.000 0.000 0.000 0.000
36 36 (0) 5 : 0.025 0.000 0.000 0.000 0.000 0.000 0.000 0.974 0.000 0.001 0.000 0.000 0.000 0.000
37 37 (0) 5 : 0.028 0.000 0.000 0.000 0.000 0.000 0.000 0.971 0.000 0.000 0.000 0.000 0.000 0.000
38 38 (0) 5 : 0.018 0.000 0.000 0.000 0.000 0.000 0.001 0.981 0.000 0.000 0.000 0.000 0.000 0.000
39 39 (0) 5 : 0.038 0.000 0.000 0.000 0.000 0.000 0.000 0.961 0.000 0.000 0.000 0.000 0.000 0.000
40 40 (0) 5 : 0.000 0.344 0.000 0.000 0.000 0.000 0.000 0.655 0.000 0.000 0.000 0.000 0.000 0.000
41 41 (0) 5 : 0.073 0.000 0.000 0.000 0.000 0.000 0.000 0.927 0.000 0.000 0.000 0.000 0.000 0.000
42 42 (0) 5 : 0.000 0.076 0.000 0.000 0.000 0.000 0.000 0.905 0.000 0.000 0.000 0.018 0.000 0.000
43 43 (0) 5 : 0.094 0.000 0.000 0.000 0.000 0.000 0.001 0.904 0.000 0.000 0.000 0.000 0.000 0.000
44 44 (0) 5 : 0.019 0.000 0.000 0.000 0.000 0.000 0.000 0.980 0.000 0.000 0.000 0.000 0.000 0.000
45 45 (0) 5 : 0.029 0.000 0.000 0.000 0.000 0.000 0.000 0.970 0.000 0.001 0.000 0.000 0.000 0.000
46 46 (0) 5 : 0.031 0.000 0.000 0.000 0.000 0.000 0.000 0.969 0.000 0.000 0.000 0.000 0.000 0.000
47 47 (0) 5 : 0.026 0.000 0.000 0.000 0.000 0.000 0.000 0.973 0.000 0.000 0.000 0.000 0.000 0.000
48 48 (0) 6 : 0.471 0.000 0.002 0.002 0.000 0.000 0.522 0.000 0.000 0.000 0.000 0.000 0.000 0.001
49 49 (0) 6 : 0.465 0.000 0.000 0.000 0.000 0.000 0.499 0.002 0.000 0.034 0.000 0.000 0.000 0.000
50 50 (0) 6 : 0.464 0.000 0.003 0.001 0.000 0.000 0.507 0.006 0.000 0.013 0.000 0.000 0.000 0.006
51 51 (0) 6 : 0.466 0.000 0.000 0.000 0.000 0.000 0.532 0.001 0.000 0.000 0.000 0.000 0.000 0.000
52 52 (0) 6 : 0.483 0.000 0.000 0.000 0.000 0.000 0.515 0.000 0.000 0.000 0.000 0.000 0.000 0.001
53 53 (0) 6 : 0.495 0.000 0.000 0.001 0.000 0.000 0.479 0.000 0.000 0.025 0.000 0.000 0.000 0.000
54 54 (0) 6 : 0.501 0.000 0.001 0.000 0.000 0.000 0.491 0.003 0.000 0.003 0.000 0.000 0.000 0.000
55 55 (0) 6 : 0.431 0.000 0.001 0.000 0.000 0.000 0.526 0.001 0.000 0.041 0.000 0.000 0.000 0.000
56 56 (0) 6 : 0.451 0.000 0.082 0.000 0.000 0.000 0.463 0.002 0.000 0.001 0.000 0.000 0.000 0.000
57 57 (0) 6 : 0.457 0.000 0.000 0.000 0.000 0.000 0.540 0.002 0.000 0.000 0.000 0.000 0.000 0.000
58 58 (0) 6 : 0.391 0.000 0.000 0.001 0.000 0.571 0.000 0.001 0.000 0.000 0.000 0.000 0.000 0.035
59 59 (0) 7 : 0.338 0.000 0.000 0.000 0.000 0.661 0.000 0.000 0.000 0.000 0.000 0.000 0.000 0.000
60 60 (0) 7 : 0.350 0.000 0.000 0.001 0.000 0.649 0.000 0.000 0.000 0.000 0.000 0.000 0.000 0.000
61 61 (0) 7 : 0.317 0.000 0.000 0.000 0.000 0.681 0.000 0.000 0.000 0.000 0.000 0.000 0.000 0.001
62 62 (0) 7 : 0.320 0.000 0.000 0.000 0.000 0.676 0.000 0.000 0.000 0.000 0.000 0.000 0.000 0.004
63 63 (0) 7 : 0.316 0.000 0.000 0.000 0.000 0.681 0.000 0.001 0.000 0.000 0.000 0.000 0.000 0.000
64 64 (0) 7 : 0.338 0.000 0.000 0.000 0.000 0.661 0.000 0.000 0.000 0.000 0.000 0.000 0.000 0.000
65 65 (0) 7 : 0.337 0.000 0.000 0.000 0.000 0.661 0.000 0.000 0.000 0.000 0.000 0.000 0.000 0.001
66 66 (0) 8 : 0.525 0.000 0.438 0.002 0.000 0.000 0.008 0.026 0.000 0.000 0.000 0.000 0.000 0.000
67 67 (0) 8 : 0.424 0.000 0.575 0.000 0.000 0.000 0.000 0.000 0.000 0.000 0.000 0.000 0.000 0.000
68 68 (0) 8 : 0.454 0.002 0.543 0.000 0.000 0.000 0.000 0.000 0.000 0.000 0.000 0.000 0.000 0.000
69 69 (0) 8 : 0.471 0.000 0.528 0.000 0.000 0.000 0.000 0.000 0.000 0.000 0.000 0.000 0.000 0.000
70 70 (0) 8 : 0.517 0.000 0.482 0.000 0.000 0.000 0.000 0.000 0.000 0.000 0.000 0.000 0.000 0.000
71 71 (0) 8 : 0.499 0.000 0.467 0.000 0.000 0.000 0.002 0.028 0.000 0.003 0.000 0.000 0.000 0.000
72 72 (0) 8 : 0.484 0.000 0.515 0.000 0.000 0.000 0.000 0.001 0.000 0.000 0.000 0.000 0.000 0.000
73 73 (0) 8 : 0.400 0.124 0.474 0.000 0.000 0.000 0.000 0.000 0.000 0.000 0.000 0.000 0.000 0.000
74 74 (0) 8 : 0.454 0.047 0.497 0.001 0.000 0.000 0.000 0.000 0.000 0.000 0.000 0.000 0.000 0.000
75 75 (0) 8 : 0.505 0.000 0.488 0.001 0.000 0.000 0.001 0.005 0.000 0.000 0.000 0.000 0.000 0.000
76 76 (0) 8 : 0.495 0.000 0.464 0.001 0.000 0.000 0.035 0.003 0.000 0.000 0.000 0.000 0.000 0.001
77 77 (0) 8 : 0.453 0.000 0.546 0.000 0.000 0.000 0.000 0.001 0.000 0.000 0.000 0.000 0.000 0.000
78 78 (0) 9 : 0.497 0.000 0.001 0.000 0.000 0.000 0.219 0.091 0.000 0.000 0.000 0.193 0.000 0.000
79 79 (0) 9 : 0.529 0.000 0.000 0.000 0.000 0.000 0.288 0.077 0.000 0.001 0.000 0.103 0.000 0.000
80 80 (0) 9 : 0.554 0.000 0.000 0.000 0.000 0.000 0.246 0.062 0.000 0.000 0.000 0.137 0.000 0.000
81 81 (0) 9 : 0.495 0.000 0.000 0.000 0.000 0.000 0.165 0.048 0.000 0.001 0.000 0.291 0.000 0.000
82 82 (0) 9 : 0.514 0.000 0.008 0.000 0.000 0.000 0.153 0.087 0.000 0.053 0.000 0.185 0.000 0.000
83 83 (0) 9 : 0.541 0.000 0.018 0.000 0.000 0.000 0.235 0.104 0.000 0.000 0.000 0.101 0.000 0.000
84 84 (0) 9 : 0.609 0.000 0.001 0.000 0.000 0.000 0.229 0.010 0.000 0.002 0.000 0.147 0.000 0.002
85 85 (0) 9 : 0.587 0.000 0.000 0.000 0.000 0.004 0.244 0.089 0.000 0.001 0.000 0.073 0.000 0.000
86 86 (0) 9 : 0.476 0.006 0.000 0.000 0.000 0.000 0.198 0.005 0.008 0.005 0.109 0.189 0.003 0.000
87 87 (0) 9 : 0.520 0.000 0.000 0.000 0.000 0.000 0.247 0.140 0.000 0.000 0.000 0.092 0.000 0.000
88 88 (0) 9 : 0.532 0.000 0.000 0.000 0.000 0.000 0.294 0.091 0.000 0.002 0.000 0.081 0.000 0.000
89 89 (0) 9 : 0.514 0.000 0.000 0.000 0.000 0.000 0.095 0.040 0.000 0.000 0.000 0.346 0.003 0.000
90 90 (0) 9 : 0.555 0.000 0.000 0.000 0.000 0.000 0.220 0.022 0.000 0.000 0.000 0.203 0.000 0.000
91 91 (0) 10 : 0.430 0.000 0.000 0.053 0.000 0.018 0.000 0.001 0.000 0.000 0.000 0.000 0.000 0.498
92 92 (0) 10 : 0.466 0.000 0.001 0.001 0.000 0.001 0.001 0.001 0.000 0.000 0.000 0.000 0.000 0.530
93 93 (0) 10 : 0.412 0.000 0.000 0.000 0.000 0.000 0.000 0.000 0.000 0.000 0.000 0.000 0.000 0.587
94 94 (0) 10 : 0.433 0.000 0.000 0.001 0.000 0.000 0.000 0.000 0.000 0.000 0.000 0.000 0.000 0.565
95 95 (0) 10 : 0.446 0.000 0.000 0.000 0.000 0.000 0.000 0.000 0.000 0.000 0.000 0.000 0.000 0.553
96 96 (0) 10 : 0.442 0.000 0.000 0.000 0.000 0.005 0.000 0.000 0.000 0.000 0.000 0.000 0.000 0.552
97 97 (0) 10 : 0.429 0.000 0.000 0.063 0.000 0.024 0.002 0.002 0.000 0.000 0.000 0.000 0.000 0.480
98 98 (0) 10 : 0.422 0.000 0.000 0.000 0.000 0.000 0.000 0.001 0.000 0.000 0.000 0.000 0.000 0.577
99 99 (0) 10 : 0.281 0.129 0.000 0.001 0.041 0.000 0.000 0.000 0.032 0.000 0.000 0.000 0.000 0.515
100 100 (0) 10 : 0.440 0.000 0.000 0.000 0.000 0.000 0.000 0.000 0.000 0.000 0.000 0.000 0.000 0.559
101 101 (0) 10 : 0.299 0.186 0.000 0.000 0.000 0.001 0.000 0.000 0.005 0.000 0.000 0.000 0.000 0.509
102 102 (0) 10 : 0.457 0.000 0.001 0.000 0.000 0.001 0.000 0.000 0.000 0.000 0.000 0.000 0.000 0.541
103 103 (0) 10 : 0.453 0.000 0.000 0.001 0.000 0.000 0.000 0.000 0.000 0.000 0.000 0.000 0.000 0.545
1 1 (0) 1 : 0.197 0.000 0.014 0.002 0.000 0.000 0.000 0.000 0.226 0.000 0.020 0.531 0.009 0.000
2 2 (0) 1 : 0.497 0.000 0.000 0.001 0.000 0.000 0.000 0.000 0.106 0.000 0.000 0.395 0.000 0.000
3 3 (0) 1 : 0.054 0.000 0.014 0.072 0.000 0.000 0.000 0.000 0.282 0.000 0.025 0.552 0.000 0.000
4 4 (0) 1 : 0.261 0.000 0.000 0.008 0.000 0.000 0.000 0.000 0.254 0.000 0.002 0.473 0.000 0.000
5 5 (0) 1 : 0.805 0.000 0.000 0.000 0.000 0.000 0.000 0.000 0.000 0.000 0.000 0.194 0.000 0.000
6 6 (0) 1 : 0.000 0.000 0.000 0.000 0.000 0.000 0.000 0.000 0.059 0.000 0.614 0.326 0.000 0.000
7 7 (0) 1 : 0.000 0.002 0.000 0.001 0.000 0.000 0.000 0.000 0.164 0.000 0.368 0.463 0.000 0.000
8 8 (0) 1 : 0.190 0.030 0.000 0.001 0.000 0.000 0.000 0.000 0.236 0.000 0.033 0.508 0.000 0.000
9 9 (0) 1 : 0.204 0.000 0.000 0.001 0.000 0.000 0.000 0.000 0.126 0.000 0.183 0.485 0.000 0.000
10 10 (0) 1 : 0.000 0.892 0.000 0.000 0.000 0.000 0.000 0.000 0.001 0.000 0.000 0.107 0.000 0.000
11 11 (0) 1 : 0.000 0.000 0.001 0.074 0.003 0.000 0.011 0.000 0.382 0.000 0.012 0.516 0.000 0.000
12 12 (0) 1 : 0.160 0.107 0.001 0.001 0.000 0.000 0.000 0.000 0.141 0.071 0.001 0.242 0.276 0.000
13 13 (0) 2 : 0.000 0.000 0.000 0.000 0.000 1.000 0.000 0.000 0.000 0.000 0.000 0.000 0.000 0.000
14 14 (0) 2 : 0.000 0.000 0.000 0.000 0.000 1.000 0.000 0.000 0.000 0.000 0.000 0.000 0.000 0.000
15 15 (0) 2 : 0.000 0.000 0.000 0.000 0.000 1.000 0.000 0.000 0.000 0.000 0.000 0.000 0.000 0.000
16 16 (0) 3 : 0.000 0.000 0.000 0.000 0.001 0.000 0.022 0.538 0.000 0.000 0.000 0.439 0.000 0.000
17 17 (0) 3 : 0.000 0.000 0.000 0.000 0.000 0.000 0.000 0.585 0.000 0.000 0.000 0.415 0.000 0.000
18 18 (0) 3 : 0.000 0.000 0.000 0.000 0.000 0.000 0.006 0.470 0.000 0.040 0.000 0.483 0.000 0.000
19 19 (0) 3 : 0.000 0.000 0.000 0.000 0.000 0.000 0.000 0.342 0.000 0.000 0.000 0.200 0.458 0.000
20 20 (0) 3 : 0.000 0.000 0.000 0.000 0.000 0.000 0.000 0.103 0.000 0.862 0.000 0.035 0.000 0.000
21 21 (0) 3 : 0.000 0.000 0.000 0.001 0.001 0.000 0.001 0.526 0.000 0.000 0.000 0.470 0.000 0.000
22 22 (0) 3 : 0.000 0.000 0.000 0.000 0.000 0.000 0.000 0.431 0.000 0.175 0.000 0.228 0.166 0.000
23 23 (0) 3 : 0.000 0.000 0.000 0.000 0.005 0.000 0.033 0.441 0.001 0.000 0.000 0.519 0.000 0.000
24 24 (0) 3 : 0.000 0.000 0.000 0.001 0.000 0.000 0.001 0.533 0.000 0.000 0.000 0.465 0.000 0.000
25 25 (0) 3 : 0.001 0.003 0.000 0.000 0.000 0.000 0.000 0.521 0.000 0.035 0.000 0.376 0.064 0.000
26 26 (0) 3 : 0.000 0.000 0.000 0.000 0.000 0.000 0.000 0.566 0.000 0.000 0.000 0.433 0.000 0.000
27 27 (0) 3 : 0.000 0.000 0.000 0.000 0.000 0.000 0.000 0.608 0.000 0.000 0.000 0.392 0.000 0.000
28 28 (0) 4 : 0.000 0.000 0.000 0.001 0.000 0.000 0.000 0.000 0.516 0.000 0.000 0.482 0.000 0.000
29 29 (0) 4 : 0.000 0.000 0.000 0.000 0.000 0.000 0.000 0.000 0.466 0.000 0.000 0.533 0.000 0.000
30 30 (0) 4 : 0.000 0.000 0.000 0.000 0.000 0.000 0.000 0.000 0.499 0.000 0.000 0.500 0.000 0.000
31 31 (0) 4 : 0.043 0.000 0.000 0.000 0.001 0.000 0.001 0.000 0.490 0.001 0.000 0.464 0.000 0.000
32 32 (0) 4 : 0.030 0.000 0.018 0.001 0.000 0.000 0.000 0.000 0.529 0.000 0.000 0.420 0.000 0.000
33 33 (0) 4 : 0.000 0.000 0.000 0.000 0.000 0.000 0.000 0.000 0.512 0.000 0.000 0.488 0.000 0.000
34 34 (0) 4 : 0.000 0.000 0.000 0.000 0.000 0.000 0.000 0.000 0.504 0.000 0.000 0.496 0.000 0.000
35 35 (0) 5 : 0.000 0.000 0.000 0.952 0.000 0.000 0.000 0.000 0.000 0.000 0.000 0.047 0.000 0.000
36 36 (0) 5 : 0.000 0.000 0.000 0.972 0.000 0.000 0.000 0.000 0.001 0.000 0.000 0.026 0.000 0.000
37 37 (0) 5 : 0.000 0.000 0.000 0.961 0.000 0.000 0.000 0.000 0.000 0.000 0.000 0.039 0.000 0.000
38 38 (0) 5 : 0.000 0.000 0.000 0.980 0.000 0.000 0.000 0.000 0.001 0.000 0.000 0.018 0.000 0.000
39 39 (0) 5 : 0.000 0.000 0.000 0.958 0.000 0.000 0.000 0.000 0.000 0.000 0.000 0.042 0.000 0.000
40 40 (0) 5 : 0.136 0.000 0.000 0.649 0.000 0.000 0.000 0.000 0.000 0.000 0.000 0.000 0.215 0.000
41 41 (0) 5 : 0.000 0.000 0.000 0.929 0.000 0.000 0.000 0.000 0.000 0.000 0.000 0.071 0.000 0.000
42 42 (0) 5 : 0.000 0.000 0.000 0.913 0.000 0.000 0.000 0.000 0.000 0.000 0.000 0.000 0.086 0.000
43 43 (0) 5 : 0.000 0.000 0.000 0.909 0.000 0.000 0.000 0.000 0.000 0.000 0.000 0.090 0.000 0.000
44 44 (0) 5 : 0.000 0.000 0.000 0.981 0.000 0.000 0.000 0.000 0.000 0.000 0.000 0.019 0.000 0.000
45 45 (0) 5 : 0.000 0.000 0.000 0.969 0.000 0.000 0.000 0.000 0.002 0.000 0.000 0.028 0.000 0.000
46 46 (0) 5 : 0.000 0.000 0.000 0.967 0.000 0.000 0.000 0.000 0.000 0.000 0.000 0.033 0.000 0.000
47 47 (0) 5 : 0.000 0.000 0.000 0.977 0.000 0.000 0.000 0.000 0.000 0.000 0.000 0.023 0.000 0.000
48 48 (0) 6 : 0.000 0.000 0.000 0.000 0.003 0.000 0.001 0.003 0.541 0.000 0.000 0.452 0.000 0.001
49 49 (0) 6 : 0.000 0.000 0.000 0.002 0.000 0.000 0.000 0.000 0.546 0.000 0.000 0.451 0.000 0.000
50 50 (0) 6 : 0.000 0.000 0.000 0.004 0.002 0.000 0.012 0.000 0.526 0.000 0.000 0.455 0.000 0.000
51 51 (0) 6 : 0.000 0.000 0.000 0.002 0.000 0.000 0.000 0.000 0.543 0.000 0.000 0.454 0.000 0.000
52 52 (0) 6 : 0.000 0.000 0.000 0.001 0.001 0.000 0.001 0.000 0.529 0.000 0.000 0.468 0.000 0.000
53 53 (0) 6 : 0.000 0.000 0.000 0.001 0.000 0.000 0.000 0.001 0.515 0.000 0.000 0.482 0.000 0.000
54 54 (0) 6 : 0.000 0.000 0.000 0.001 0.002 0.000 0.000 0.000 0.513 0.000 0.000 0.483 0.000 0.000
55 55 (0) 6 : 0.000 0.000 0.000 0.001 0.002 0.000 0.000 0.000 0.573 0.000 0.000 0.424 0.000 0.000
56 56 (0) 6 : 0.000 0.000 0.000 0.001 0.083 0.000 0.000 0.000 0.465 0.000 0.001 0.449 0.000 0.000
57 57 (0) 6 : 0.000 0.000 0.000 0.002 0.000 0.000 0.000 0.000 0.562 0.000 0.000 0.435 0.000 0.000
58 58 (0) 6 : 0.000 0.000 0.000 0.002 0.000 0.000 0.030 0.001 0.000 0.000 0.000 0.422 0.000 0.545
59 59 (0) 7 : 0.000 0.000 0.000 0.000 0.000 0.000 0.000 0.000 0.000 0.000 0.000 0.368 0.000 0.631
60 60 (0) 7 : 0.000 0.000 0.000 0.000 0.000 0.000 0.000 0.000 0.000 0.000 0.000 0.384 0.000 0.615
61 61 (0) 7 : 0.000 0.000 0.000 0.000 0.000 0.000 0.001 0.000 0.001 0.000 0.000 0.350 0.000 0.647
62 62 (0) 7 : 0.000 0.000 0.000 0.000 0.000 0.000 0.004 0.000 0.000 0.000 0.000 0.348 0.000 0.648
63 63 (0) 7 : 0.000 0.000 0.000 0.002 0.000 0.000 0.000 0.000 0.000 0.000 0.000 0.347 0.000 0.650
64 64 (0) 7 : 0.000 0.000 0.000 0.000 0.000 0.000 0.000 0.000 0.000 0.000 0.000 0.372 0.000 0.627
65 65 (0) 7 : 0.000 0.000 0.000 0.000 0.000 0.000 0.001 0.000 0.000 0.000 0.000 0.373 0.000 0.625
66 66 (0) 8 : 0.000 0.000 0.000 0.030 0.434 0.000 0.000 0.001 0.007 0.000 0.000 0.527 0.000 0.000
67 67 (0) 8 : 0.000 0.000 0.000 0.000 0.572 0.000 0.000 0.000 0.000 0.000 0.000 0.427 0.000 0.000
68 68 (0) 8 : 0.000 0.000 0.000 0.000 0.537 0.000 0.000 0.000 0.000 0.000 0.000 0.462 0.000 0.000
69 69 (0) 8 : 0.000 0.000 0.000 0.000 0.521 0.000 0.000 0.000 0.000 0.000 0.000 0.478 0.000 0.000
70 70 (0) 8 : 0.000 0.000 0.000 0.000 0.486 0.000 0.000 0.000 0.000 0.000 0.000 0.513 0.000 0.000
71 71 (0) 8 : 0.000 0.000 0.000 0.011 0.454 0.000 0.000 0.000 0.029 0.000 0.000 0.506 0.000 0.000
72 72 (0) 8 : 0.000 0.000 0.000 0.000 0.499 0.000 0.000 0.000 0.000 0.000 0.000 0.499 0.000 0.000
73 73 (0) 8 : 0.081 0.001 0.000 0.000 0.451 0.000 0.000 0.000 0.000 0.000 0.000 0.413 0.052 0.000
74 74 (0) 8 : 0.000 0.000 0.000 0.000 0.490 0.000 0.000 0.001 0.000 0.000 0.000 0.464 0.044 0.000
75 75 (0) 8 : 0.000 0.000 0.000 0.003 0.476 0.000 0.000 0.001 0.002 0.000 0.000 0.519 0.000 0.000
76 76 (0) 8 : 0.000 0.000 0.000 0.003 0.454 0.000 0.001 0.001 0.039 0.000 0.000 0.503 0.000 0.000
77 77 (0) 8 : 0.000 0.000 0.000 0.000 0.535 0.000 0.000 0.000 0.000 0.000 0.000 0.463 0.000 0.000
78 78 (0) 9 : 0.000 0.000 0.190 0.078 0.000 0.000 0.000 0.000 0.218 0.000 0.000 0.513 0.000 0.000
79 79 (0) 9 : 0.000 0.000 0.098 0.085 0.000 0.000 0.000 0.000 0.289 0.000 0.000 0.526 0.000 0.000
80 80 (0) 9 : 0.000 0.000 0.129 0.066 0.000 0.000 0.000 0.000 0.258 0.000 0.000 0.548 0.000 0.000
81 81 (0) 9 : 0.000 0.000 0.280 0.062 0.000 0.000 0.000 0.000 0.157 0.000 0.000 0.501 0.000 0.000
82 82 (0) 9 : 0.000 0.000 0.166 0.071 0.006 0.000 0.000 0.000 0.252 0.000 0.001 0.505 0.000 0.000
83 83 (0) 9 : 0.000 0.000 0.096 0.101 0.011 0.000 0.000 0.000 0.256 0.000 0.000 0.535 0.000 0.000
84 84 (0) 9 : 0.000 0.000 0.132 0.004 0.000 0.000 0.001 0.000 0.265 0.000 0.000 0.597 0.000 0.000
85 85 (0) 9 : 0.000 0.000 0.068 0.086 0.000 0.000 0.000 0.000 0.264 0.000 0.000 0.581 0.000 0.001
86 86 (0) 9 : 0.031 0.004 0.269 0.001 0.000 0.003 0.000 0.000 0.211 0.000 0.000 0.480 0.000 0.000
87 87 (0) 9 : 0.000 0.000 0.089 0.137 0.000 0.000 0.000 0.000 0.253 0.000 0.000 0.520 0.000 0.000
88 88 (0) 9 : 0.000 0.000 0.074 0.091 0.000 0.000 0.000 0.000 0.300 0.000 0.000 0.534 0.000 0.000
89 89 (0) 9 : 0.000 0.000 0.217 0.051 0.000 0.001 0.000 0.000 0.129 0.000 0.091 0.511 0.000 0.000
90 90 (0) 9 : 0.000 0.000 0.190 0.010 0.000 0.000 0.000 0.000 0.244 0.000 0.000 0.556 0.000 0.000
91 91 (0) 10 : 0.000 0.000 0.000 0.001 0.000 0.000 0.474 0.052 0.000 0.000 0.000 0.459 0.000 0.014
92 92 (0) 10 : 0.000 0.000 0.000 0.001 0.001 0.000 0.502 0.001 0.000 0.000 0.000 0.494 0.000 0.001
93 93 (0) 10 : 0.000 0.000 0.000 0.000 0.000 0.000 0.556 0.000 0.000 0.000 0.000 0.442 0.000 0.000
94 94 (0) 10 : 0.000 0.000 0.000 0.001 0.000 0.000 0.531 0.001 0.000 0.000 0.000 0.466 0.000 0.000
95 95 (0) 10 : 0.000 0.000 0.000 0.000 0.000 0.000 0.525 0.000 0.000 0.000 0.000 0.474 0.000 0.000
96 96 (0) 10 : 0.000 0.000 0.000 0.000 0.000 0.000 0.522 0.000 0.000 0.000 0.000 0.474 0.000 0.003
97 97 (0) 10 : 0.000 0.000 0.001 0.002 0.000 0.000 0.457 0.062 0.003 0.000 0.000 0.452 0.000 0.023
98 98 (0) 10 : 0.000 0.000 0.000 0.000 0.000 0.000 0.540 0.000 0.000 0.000 0.000 0.459 0.000 0.000
99 99 (0) 10 : 0.053 0.025 0.000 0.000 0.000 0.000 0.474 0.001 0.000 0.038 0.000 0.309 0.101 0.000
100 100 (0) 10 : 0.000 0.000 0.000 0.001 0.000 0.000 0.531 0.000 0.000 0.000 0.000 0.468 0.000 0.000
101 101 (0) 10 : 0.000 0.001 0.000 0.000 0.000 0.000 0.465 0.000 0.000 0.000 0.000 0.334 0.199 0.000
102 102 (0) 10 : 0.000 0.000 0.000 0.000 0.000 0.000 0.509 0.000 0.000 0.000 0.000 0.490 0.000 0.000
103 103 (0) 10 : 0.000 0.000 0.000 0.000 0.000 0.000 0.515 0.001 0.000 0.000 0.000 0.483 0.000 0.000
