1:	0.3958 0.0031 0.0006 0.0141 0.0000 0.0002 0.0889 0.1349 0.0000 0.1367 0.1599 0.0066 0.0556 0.0036 	12
2:	0.0000 1.0000 0.0000 0.0000 0.0000 0.0000 0.0000 0.0000 0.0000 0.0000 0.0000 0.0000 0.0000 0.0000 	3
3:	0.3468 0.0007 0.0058 0.0002 0.0000 0.0005 0.0419 0.0152 0.5071 0.0000 0.0000 0.0309 0.0509 0.0000 	12
4:	0.5209 0.0000 0.0000 0.0004 0.0000 0.0000 0.0000 0.0046 0.0000 0.1948 0.0000 0.2782 0.0000 0.0009 	7
5:	0.0340 0.0000 0.0000 0.9319 0.0000 0.0000 0.0079 0.0159 0.0000 0.0002 0.0000 0.0001 0.0096 0.0005 	13
6:	0.4633 0.0000 0.0039 0.0017 0.0512 0.0081 0.0000 0.0000 0.0004 0.4637 0.0000 0.0076 0.0000 0.0000 	11
7:	0.3403 0.0000 0.0009 0.0002 0.6585 0.0000 0.0000 0.0000 0.0000 0.0001 0.0000 0.0000 0.0000 0.0000 	7
8:	0.4770 0.0000 0.0001 0.0047 0.0000 0.4981 0.0031 0.0081 0.0004 0.0045 0.0000 0.0002 0.0038 0.0000 	12
9:	0.5366 0.0004 0.0001 0.0652 0.0002 0.0017 0.0007 0.0023 0.0000 0.2125 0.0078 0.0037 0.0000 0.1689 	13
10:	0.4240 0.0000 0.5312 0.0005 0.0036 0.0001 0.0107 0.0094 0.0089 0.0002 0.0000 0.0010 0.0103 0.0001 	13
