1 1 (0) 1 : 0.000 0.000 0.000 0.743 0.000 0.000 0.000 0.000 0.000 0.001 0.254 0.000 0.001
2 2 (0) 1 : 0.000 0.000 0.000 0.417 0.000 0.000 0.000 0.001 0.000 0.001 0.580 0.000 0.000
3 3 (0) 1 : 0.000 0.003 0.000 0.856 0.001 0.000 0.000 0.000 0.001 0.075 0.064 0.000 0.000
4 4 (0) 1 : 0.000 0.000 0.000 0.692 0.002 0.000 0.000 0.000 0.000 0.005 0.300 0.000 0.000
5 5 (0) 1 : 0.000 0.000 0.000 0.021 0.000 0.000 0.000 0.000 0.000 0.000 0.979 0.000 0.000
6 6 (0) 1 : 0.000 0.640 0.000 0.359 0.000 0.000 0.000 0.000 0.000 0.000 0.000 0.000 0.000
7 7 (0) 1 : 0.000 0.367 0.000 0.629 0.000 0.000 0.000 0.001 0.000 0.001 0.000 0.000 0.001
8 8 (0) 1 : 0.000 0.001 0.002 0.722 0.002 0.000 0.000 0.026 0.000 0.003 0.240 0.000 0.002
9 9 (0) 1 : 0.000 0.167 0.000 0.574 0.000 0.000 0.000 0.001 0.000 0.002 0.255 0.000 0.000
10 10 (0) 1 : 0.000 0.000 0.000 0.100 0.000 0.000 0.000 0.899 0.000 0.000 0.000 0.000 0.000
11 11 (0) 1 : 0.000 0.000 0.000 0.903 0.000 0.000 0.000 0.000 0.016 0.069 0.000 0.000 0.010
12 12 (0) 1 : 0.066 0.000 0.000 0.312 0.001 0.322 0.000 0.109 0.000 0.001 0.189 0.000 0.000
13 13 (0) 2 : 0.000 0.000 0.000 0.000 0.000 0.000 1.000 0.000 0.000 0.000 0.000 0.000 0.000
14 14 (0) 2 : 0.000 0.000 0.000 0.000 0.000 0.000 1.000 0.000 0.000 0.000 0.000 0.000 0.000
15 15 (0) 2 : 0.000 0.000 0.000 0.000 0.000 0.000 1.000 0.000 0.000 0.000 0.000 0.000 0.000
16 16 (0) 3 : 0.000 0.000 0.873 0.001 0.000 0.000 0.000 0.000 0.085 0.001 0.000 0.000 0.039
17 17 (0) 3 : 0.000 0.000 0.999 0.000 0.000 0.000 0.000 0.000 0.000 0.000 0.000 0.000 0.000
18 18 (0) 3 : 0.036 0.000 0.870 0.004 0.000 0.000 0.000 0.000 0.087 0.001 0.000 0.000 0.002
19 19 (0) 3 : 0.000 0.000 0.477 0.000 0.000 0.522 0.000 0.000 0.000 0.000 0.000 0.000 0.000
20 20 (0) 3 : 0.862 0.000 0.138 0.000 0.000 0.000 0.000 0.000 0.000 0.000 0.000 0.000 0.000
21 21 (0) 3 : 0.000 0.000 0.887 0.065 0.000 0.000 0.000 0.000 0.029 0.017 0.000 0.000 0.002
22 22 (0) 3 : 0.162 0.000 0.630 0.000 0.000 0.185 0.000 0.000 0.000 0.000 0.022 0.000 0.000
23 23 (0) 3 : 0.000 0.000 0.780 0.111 0.000 0.000 0.000 0.000 0.101 0.001 0.000 0.000 0.007
24 24 (0) 3 : 0.000 0.000 0.875 0.038 0.000 0.000 0.000 0.000 0.076 0.009 0.000 0.000 0.002
25 25 (0) 3 : 0.030 0.000 0.874 0.001 0.000 0.064 0.000 0.019 0.006 0.000 0.003 0.000 0.002
26 26 (0) 3 : 0.000 0.000 0.997 0.001 0.000 0.000 0.000 0.000 0.000 0.001 0.000 0.000 0.001
27 27 (0) 3 : 0.000 0.000 0.998 0.000 0.000 0.000 0.000 0.000 0.000 0.000 0.000 0.000 0.000
28 28 (0) 4 : 0.000 0.000 0.000 0.585 0.413 0.000 0.000 0.000 0.000 0.001 0.000 0.000 0.000
29 29 (0) 4 : 0.000 0.000 0.000 0.602 0.397 0.000 0.000 0.000 0.000 0.000 0.000 0.000 0.000
30 30 (0) 4 : 0.000 0.000 0.000 0.572 0.426 0.000 0.000 0.000 0.000 0.001 0.000 0.000 0.000
31 31 (0) 4 : 0.000 0.000 0.000 0.607 0.345 0.000 0.000 0.000 0.001 0.000 0.045 0.000 0.001
32 32 (0) 4 : 0.000 0.000 0.000 0.482 0.517 0.000 0.000 0.000 0.000 0.001 0.000 0.000 0.000
33 33 (0) 4 : 0.000 0.000 0.000 0.575 0.424 0.000 0.000 0.000 0.000 0.001 0.000 0.000 0.000
34 34 (0) 4 : 0.000 0.000 0.000 0.543 0.456 0.000 0.000 0.000 0.000 0.000 0.000 0.000 0.000
35 35 (0) 5 : 0.000 0.000 0.000 0.001 0.001 0.000 0.000 0.000 0.000 0.998 0.000 0.000 0.000
36 36 (0) 5 : 0.000 0.000 0.000 0.001 0.001 0.000 0.000 0.000 0.000 0.997 0.000 0.000 0.000
37 37 (0) 5 : 0.000 0.000 0.000 0.001 0.000 0.000 0.000 0.000 0.000 0.998 0.000 0.000 0.000
38 38 (0) 5 : 0.000 0.000 0.000 0.001 0.000 0.000 0.000 0.000 0.000 0.998 0.000 0.000 0.000
39 39 (0) 5 : 0.000 0.000 0.000 0.000 0.000 0.000 0.000 0.000 0.000 0.999 0.000 0.000 0.000
40 40 (0) 5 : 0.001 0.000 0.000 0.000 0.000 0.236 0.000 0.000 0.000 0.596 0.166 0.000 0.000
41 41 (0) 5 : 0.000 0.000 0.000 0.001 0.000 0.000 0.000 0.000 0.000 0.998 0.000 0.000 0.000
42 42 (0) 5 : 0.000 0.000 0.000 0.000 0.000 0.100 0.000 0.000 0.000 0.899 0.000 0.000 0.000
43 43 (0) 5 : 0.000 0.000 0.000 0.040 0.000 0.000 0.000 0.000 0.000 0.959 0.000 0.000 0.000
44 44 (0) 5 : 0.000 0.000 0.000 0.000 0.000 0.000 0.000 0.000 0.000 0.999 0.000 0.000 0.000
45 45 (0) 5 : 0.000 0.000 0.000 0.002 0.003 0.000 0.000 0.000 0.000 0.994 0.000 0.000 0.000
46 46 (0) 5 : 0.000 0.000 0.000 0.000 0.000 0.000 0.000 0.000 0.000 0.999 0.000 0.000 0.000
47 47 (0) 5 : 0.000 0.000 0.000 0.000 0.000 0.000 0.000 0.000 0.000 0.999 0.000 0.000 0.000
48 48 (0) 6 : 0.000 0.000 0.005 0.982 0.001 0.000 0.000 0.000 0.005 0.000 0.000 0.002 0.004
49 49 (0) 6 : 0.000 0.000 0.000 0.951 0.046 0.000 0.000 0.000 0.000 0.002 0.000 0.000 0.000
50 50 (0) 6 : 0.000 0.000 0.000 0.933 0.028 0.000 0.000 0.000 0.022 0.008 0.000 0.000 0.008
51 51 (0) 6 : 0.000 0.000 0.000 0.986 0.006 0.000 0.000 0.000 0.000 0.002 0.000 0.006 0.000
52 52 (0) 6 : 0.000 0.000 0.000 0.995 0.000 0.000 0.000 0.000 0.003 0.000 0.000 0.000 0.001
53 53 (0) 6 : 0.000 0.000 0.004 0.962 0.032 0.000 0.000 0.000 0.000 0.000 0.000 0.000 0.001
54 54 (0) 6 : 0.000 0.000 0.000 0.991 0.001 0.000 0.000 0.000 0.000 0.005 0.000 0.000 0.003
55 55 (0) 6 : 0.000 0.000 0.000 0.934 0.060 0.000 0.000 0.000 0.000 0.001 0.000 0.000 0.004
56 56 (0) 6 : 0.000 0.003 0.000 0.862 0.003 0.000 0.000 0.000 0.000 0.004 0.000 0.000 0.128
57 57 (0) 6 : 0.000 0.000 0.000 0.997 0.000 0.000 0.000 0.000 0.000 0.001 0.000 0.000 0.000
58 58 (0) 6 : 0.000 0.000 0.008 0.048 0.000 0.000 0.000 0.000 0.119 0.015 0.000 0.806 0.004
59 59 (0) 7 : 0.000 0.000 0.001 0.000 0.000 0.000 0.000 0.000 0.002 0.000 0.000 0.996 0.000
60 60 (0) 7 : 0.000 0.000 0.002 0.001 0.000 0.000 0.000 0.000 0.001 0.000 0.000 0.995 0.000
61 61 (0) 7 : 0.000 0.000 0.000 0.004 0.000 0.000 0.000 0.000 0.006 0.001 0.000 0.988 0.000
62 62 (0) 7 : 0.000 0.000 0.000 0.000 0.000 0.000 0.000 0.000 0.015 0.000 0.000 0.983 0.001
63 63 (0) 7 : 0.000 0.000 0.000 0.003 0.000 0.000 0.000 0.000 0.002 0.012 0.000 0.982 0.001
64 64 (0) 7 : 0.000 0.000 0.001 0.001 0.000 0.000 0.000 0.000 0.000 0.001 0.000 0.996 0.001
65 65 (0) 7 : 0.000 0.000 0.001 0.013 0.000 0.000 0.000 0.000 0.009 0.000 0.000 0.976 0.001
66 66 (0) 8 : 0.000 0.000 0.006 0.111 0.000 0.000 0.000 0.000 0.000 0.039 0.000 0.000 0.843
67 67 (0) 8 : 0.000 0.000 0.000 0.001 0.000 0.000 0.000 0.000 0.000 0.001 0.000 0.000 0.998
68 68 (0) 8 : 0.000 0.000 0.000 0.001 0.000 0.000 0.000 0.000 0.001 0.000 0.000 0.000 0.996
69 69 (0) 8 : 0.000 0.000 0.000 0.000 0.000 0.000 0.000 0.000 0.000 0.000 0.000 0.000 0.999
70 70 (0) 8 : 0.000 0.000 0.000 0.045 0.000 0.000 0.000 0.000 0.000 0.000 0.000 0.000 0.954
71 71 (0) 8 : 0.000 0.000 0.000 0.099 0.001 0.000 0.000 0.000 0.000 0.017 0.000 0.000 0.883
72 72 (0) 8 : 0.000 0.000 0.002 0.008 0.000 0.000 0.000 0.000 0.002 0.001 0.000 0.000 0.987
73 73 (0) 8 : 0.000 0.000 0.000 0.001 0.000 0.060 0.000 0.001 0.000 0.000 0.102 0.000 0.835
74 74 (0) 8 : 0.000 0.000 0.002 0.001 0.000 0.050 0.000 0.000 0.000 0.000 0.000 0.000 0.946
75 75 (0) 8 : 0.000 0.000 0.003 0.071 0.000 0.000 0.000 0.000 0.000 0.004 0.000 0.000 0.921
76 76 (0) 8 : 0.000 0.000 0.004 0.132 0.001 0.000 0.000 0.000 0.001 0.003 0.000 0.000 0.859
77 77 (0) 8 : 0.000 0.000 0.000 0.032 0.000 0.000 0.000 0.000 0.001 0.003 0.000 0.000 0.963
78 78 (0) 9 : 0.002 0.000 0.000 0.762 0.000 0.018 0.000 0.000 0.128 0.089 0.000 0.000 0.001
79 79 (0) 9 : 0.000 0.000 0.001 0.914 0.001 0.000 0.000 0.000 0.002 0.081 0.000 0.000 0.000
80 80 (0) 9 : 0.000 0.000 0.000 0.936 0.000 0.000 0.000 0.000 0.000 0.064 0.000 0.000 0.000
81 81 (0) 9 : 0.000 0.000 0.000 0.838 0.000 0.098 0.000 0.004 0.000 0.059 0.001 0.000 0.000
82 82 (0) 9 : 0.000 0.049 0.002 0.761 0.067 0.000 0.000 0.000 0.000 0.080 0.000 0.000 0.040
83 83 (0) 9 : 0.000 0.000 0.000 0.870 0.000 0.000 0.000 0.000 0.008 0.104 0.000 0.001 0.017
84 84 (0) 9 : 0.000 0.000 0.000 0.889 0.000 0.000 0.000 0.000 0.107 0.003 0.000 0.000 0.000
85 85 (0) 9 : 0.000 0.000 0.001 0.888 0.001 0.000 0.000 0.000 0.001 0.098 0.000 0.012 0.001
86 86 (0) 9 : 0.009 0.023 0.000 0.780 0.000 0.001 0.012 0.022 0.002 0.036 0.113 0.001 0.001
87 87 (0) 9 : 0.000 0.000 0.001 0.847 0.000 0.000 0.000 0.000 0.001 0.151 0.000 0.000 0.000
88 88 (0) 9 : 0.000 0.000 0.001 0.902 0.001 0.000 0.000 0.000 0.000 0.095 0.000 0.000 0.001
89 89 (0) 9 : 0.000 0.110 0.000 0.738 0.001 0.041 0.030 0.000 0.000 0.078 0.000 0.000 0.000
90 90 (0) 9 : 0.000 0.015 0.000 0.885 0.000 0.049 0.000 0.000 0.000 0.050 0.000 0.000 0.000
91 91 (0) 10 : 0.000 0.000 0.111 0.005 0.000 0.000 0.000 0.000 0.860 0.001 0.000 0.022 0.001
92 92 (0) 10 : 0.000 0.000 0.008 0.038 0.000 0.000 0.000 0.000 0.930 0.002 0.000 0.001 0.020
93 93 (0) 10 : 0.000 0.000 0.001 0.001 0.000 0.000 0.000 0.000 0.996 0.002 0.000 0.000 0.000
94 94 (0) 10 : 0.000 0.000 0.003 0.000 0.000 0.000 0.000 0.000 0.994 0.002 0.000 0.000 0.000
95 95 (0) 10 : 0.000 0.000 0.000 0.001 0.000 0.000 0.000 0.000 0.998 0.000 0.000 0.001 0.000
96 96 (0) 10 : 0.000 0.000 0.001 0.002 0.000 0.000 0.000 0.000 0.981 0.004 0.000 0.011 0.001
97 97 (0) 10 : 0.000 0.000 0.100 0.060 0.000 0.000 0.000 0.000 0.799 0.006 0.000 0.034 0.000
98 98 (0) 10 : 0.000 0.000 0.000 0.001 0.000 0.000 0.000 0.000 0.995 0.003 0.000 0.000 0.000
99 99 (0) 10 : 0.038 0.000 0.000 0.000 0.001 0.106 0.000 0.030 0.748 0.000 0.077 0.000 0.000
100 100 (0) 10 : 0.000 0.000 0.000 0.011 0.000 0.000 0.000 0.000 0.985 0.001 0.000 0.001 0.000
101 101 (0) 10 : 0.000 0.000 0.000 0.000 0.000 0.228 0.000 0.006 0.761 0.000 0.004 0.001 0.000
102 102 (0) 10 : 0.000 0.000 0.001 0.001 0.005 0.000 0.000 0.000 0.984 0.001 0.000 0.001 0.006
103 103 (0) 10 : 0.000 0.000 0.008 0.001 0.000 0.000 0.000 0.000 0.990 0.000 0.000 0.000 0.000
1 1 (0) 1 : 0.000 0.002 0.000 0.000 0.002 0.005 0.000 0.241 0.743 0.000 0.001 0.005 0.000
2 2 (0) 1 : 0.000 0.000 0.000 0.000 0.000 0.000 0.000 0.561 0.437 0.000 0.001 0.000 0.000
3 3 (0) 1 : 0.000 0.009 0.002 0.000 0.000 0.000 0.000 0.066 0.848 0.000 0.073 0.002 0.000
4 4 (0) 1 : 0.000 0.000 0.000 0.000 0.000 0.000 0.000 0.295 0.701 0.000 0.003 0.000 0.000
5 5 (0) 1 : 0.000 0.000 0.000 0.000 0.000 0.000 0.000 0.925 0.074 0.000 0.000 0.000 0.000
6 6 (0) 1 : 0.000 0.627 0.000 0.000 0.000 0.000 0.000 0.000 0.372 0.000 0.000 0.000 0.000
7 7 (0) 1 : 0.000 0.365 0.001 0.000 0.003 0.000 0.000 0.000 0.628 0.002 0.002 0.000 0.000
8 8 (0) 1 : 0.000 0.014 0.001 0.000 0.002 0.038 0.000 0.186 0.730 0.025 0.004 0.000 0.000
9 9 (0) 1 : 0.000 0.178 0.000 0.000 0.000 0.001 0.000 0.229 0.590 0.001 0.001 0.000 0.000
10 10 (0) 1 : 0.000 0.000 0.000 0.000 0.000 0.000 0.000 0.000 0.097 0.902 0.000 0.000 0.000
11 11 (0) 1 : 0.000 0.001 0.033 0.000 0.021 0.000 0.000 0.000 0.872 0.000 0.072 0.000 0.000
12 12 (0) 1 : 0.000 0.000 0.000 0.000 0.000 0.489 0.044 0.000 0.364 0.101 0.001 0.000 0.000
13 13 (0) 2 : 1.000 0.000 0.000 0.000 0.000 0.000 0.000 0.000 0.000 0.000 0.000 0.000 0.000
14 14 (0) 2 : 1.000 0.000 0.000 0.000 0.000 0.000 0.000 0.000 0.000 0.000 0.000 0.000 0.000
15 15 (0) 2 : 1.000 0.000 0.000 0.000 0.000 0.000 0.000 0.000 0.000 0.000 0.000 0.000 0.000
16 16 (0) 3 : 0.000 0.000 0.083 0.865 0.046 0.000 0.000 0.000 0.005 0.000 0.001 0.000 0.000
17 17 (0) 3 : 0.000 0.000 0.000 0.999 0.000 0.000 0.000 0.000 0.000 0.000 0.000 0.000 0.000
18 18 (0) 3 : 0.000 0.000 0.087 0.865 0.004 0.000 0.036 0.000 0.007 0.000 0.001 0.000 0.000
19 19 (0) 3 : 0.000 0.000 0.000 0.522 0.000 0.478 0.000 0.000 0.000 0.000 0.000 0.000 0.000
20 20 (0) 3 : 0.000 0.000 0.000 0.135 0.000 0.000 0.864 0.000 0.000 0.000 0.000 0.000 0.000
21 21 (0) 3 : 0.000 0.000 0.021 0.882 0.001 0.000 0.000 0.000 0.085 0.000 0.010 0.000 0.000
22 22 (0) 3 : 0.000 0.000 0.000 0.642 0.000 0.157 0.163 0.037 0.000 0.000 0.000 0.000 0.000
23 23 (0) 3 : 0.000 0.000 0.099 0.769 0.004 0.000 0.000 0.000 0.127 0.000 0.000 0.000 0.000
24 24 (0) 3 : 0.000 0.000 0.093 0.871 0.004 0.000 0.000 0.000 0.018 0.000 0.014 0.000 0.000
25 25 (0) 3 : 0.000 0.000 0.008 0.877 0.001 0.058 0.029 0.009 0.001 0.017 0.000 0.000 0.000
26 26 (0) 3 : 0.000 0.000 0.000 0.997 0.001 0.000 0.000 0.000 0.001 0.000 0.001 0.000 0.000
27 27 (0) 3 : 0.000 0.000 0.000 0.998 0.000 0.000 0.000 0.000 0.000 0.000 0.000 0.000 0.000
28 28 (0) 4 : 0.000 0.000 0.000 0.000 0.000 0.000 0.000 0.000 0.998 0.000 0.001 0.000 0.000
29 29 (0) 4 : 0.000 0.000 0.000 0.000 0.000 0.000 0.000 0.000 0.999 0.000 0.001 0.000 0.000
30 30 (0) 4 : 0.000 0.000 0.000 0.000 0.000 0.000 0.000 0.000 0.999 0.000 0.001 0.000 0.000
31 31 (0) 4 : 0.000 0.000 0.001 0.000 0.002 0.000 0.001 0.051 0.944 0.000 0.000 0.000 0.000
32 32 (0) 4 : 0.000 0.000 0.000 0.000 0.000 0.000 0.000 0.037 0.936 0.000 0.001 0.025 0.000
33 33 (0) 4 : 0.000 0.000 0.000 0.000 0.000 0.000 0.000 0.000 0.999 0.000 0.001 0.000 0.000
34 34 (0) 4 : 0.000 0.000 0.000 0.000 0.000 0.000 0.000 0.000 0.999 0.000 0.000 0.000 0.000
35 35 (0) 5 : 0.000 0.000 0.000 0.000 0.000 0.000 0.000 0.000 0.002 0.000 0.997 0.000 0.000
36 36 (0) 5 : 0.000 0.000 0.000 0.000 0.000 0.000 0.000 0.000 0.003 0.000 0.997 0.000 0.000
37 37 (0) 5 : 0.000 0.000 0.000 0.000 0.000 0.000 0.000 0.000 0.001 0.000 0.998 0.000 0.000
38 38 (0) 5 : 0.000 0.000 0.000 0.000 0.001 0.000 0.000 0.000 0.001 0.000 0.998 0.000 0.000
39 39 (0) 5 : 0.000 0.000 0.000 0.000 0.000 0.000 0.000 0.000 0.000 0.000 0.999 0.000 0.000
40 40 (0) 5 : 0.000 0.000 0.000 0.000 0.000 0.239 0.000 0.144 0.000 0.000 0.616 0.000 0.000
41 41 (0) 5 : 0.000 0.000 0.000 0.000 0.000 0.000 0.000 0.000 0.001 0.000 0.998 0.000 0.000
42 42 (0) 5 : 0.000 0.000 0.000 0.000 0.000 0.093 0.000 0.000 0.000 0.000 0.906 0.000 0.000
43 43 (0) 5 : 0.000 0.000 0.000 0.000 0.000 0.000 0.000 0.000 0.027 0.000 0.972 0.000 0.000
44 44 (0) 5 : 0.000 0.000 0.000 0.000 0.000 0.000 0.000 0.000 0.000 0.000 0.999 0.000 0.000
45 45 (0) 5 : 0.000 0.000 0.000 0.000 0.000 0.000 0.000 0.000 0.006 0.000 0.993 0.000 0.000
46 46 (0) 5 : 0.000 0.000 0.000 0.000 0.000 0.000 0.000 0.000 0.000 0.000 0.999 0.000 0.000
47 47 (0) 5 : 0.000 0.000 0.000 0.000 0.000 0.000 0.000 0.000 0.001 0.000 0.998 0.000 0.000
48 48 (0) 6 : 0.000 0.000 0.004 0.005 0.006 0.000 0.000 0.000 0.983 0.000 0.000 0.000 0.002
49 49 (0) 6 : 0.000 0.000 0.001 0.000 0.000 0.000 0.000 0.000 0.994 0.000 0.004 0.000 0.000
50 50 (0) 6 : 0.000 0.000 0.027 0.000 0.005 0.000 0.000 0.000 0.962 0.000 0.005 0.000 0.000
51 51 (0) 6 : 0.000 0.000 0.000 0.000 0.000 0.000 0.000 0.000 0.988 0.000 0.001 0.000 0.010
52 52 (0) 6 : 0.000 0.000 0.005 0.000 0.002 0.000 0.000 0.000 0.992 0.000 0.000 0.000 0.000
53 53 (0) 6 : 0.000 0.000 0.000 0.006 0.002 0.000 0.000 0.000 0.991 0.000 0.000 0.000 0.000
54 54 (0) 6 : 0.000 0.000 0.000 0.000 0.004 0.000 0.000 0.000 0.993 0.000 0.002 0.000 0.000
55 55 (0) 6 : 0.000 0.000 0.000 0.000 0.006 0.000 0.000 0.000 0.993 0.000 0.000 0.000 0.000
56 56 (0) 6 : 0.000 0.004 0.000 0.000 0.124 0.000 0.000 0.000 0.871 0.000 0.001 0.000 0.000
57 57 (0) 6 : 0.000 0.000 0.000 0.000 0.000 0.000 0.000 0.000 0.996 0.000 0.003 0.000 0.000
58 58 (0) 6 : 0.000 0.000 0.100 0.003 0.001 0.000 0.000 0.000 0.113 0.000 0.001 0.000 0.782
59 59 (0) 7 : 0.000 0.000 0.001 0.003 0.000 0.000 0.000 0.000 0.002 0.000 0.001 0.000 0.992
60 60 (0) 7 : 0.000 0.000 0.002 0.002 0.000 0.000 0.000 0.000 0.002 0.000 0.000 0.000 0.993
61 61 (0) 7 : 0.000 0.000 0.010 0.000 0.000 0.000 0.000 0.000 0.006 0.000 0.001 0.000 0.982
62 62 (0) 7 : 0.000 0.000 0.020 0.000 0.000 0.000 0.000 0.000 0.000 0.000 0.000 0.000 0.979
63 63 (0) 7 : 0.000 0.000 0.003 0.000 0.001 0.000 0.000 0.000 0.005 0.000 0.014 0.000 0.977
64 64 (0) 7 : 0.000 0.000 0.001 0.001 0.002 0.000 0.000 0.000 0.002 0.000 0.001 0.000 0.994
65 65 (0) 7 : 0.000 0.000 0.011 0.000 0.001 0.000 0.000 0.000 0.031 0.000 0.000 0.000 0.957
66 66 (0) 8 : 0.000 0.000 0.000 0.005 0.819 0.000 0.000 0.000 0.146 0.000 0.029 0.000 0.000
67 67 (0) 8 : 0.000 0.000 0.000 0.000 0.996 0.000 0.000 0.000 0.002 0.000 0.001 0.000 0.000
68 68 (0) 8 : 0.000 0.000 0.001 0.000 0.991 0.000 0.000 0.000 0.007 0.000 0.000 0.000 0.000
69 69 (0) 8 : 0.000 0.000 0.000 0.000 0.993 0.000 0.000 0.000 0.006 0.000 0.000 0.000 0.000
70 70 (0) 8 : 0.000 0.000 0.000 0.000 0.922 0.000 0.000 0.000 0.077 0.000 0.000 0.000 0.000
71 71 (0) 8 : 0.000 0.000 0.000 0.000 0.858 0.000 0.000 0.000 0.135 0.000 0.006 0.000 0.000
72 72 (0) 8 : 0.000 0.000 0.002 0.002 0.987 0.000 0.000 0.000 0.007 0.000 0.002 0.000 0.000
73 73 (0) 8 : 0.000 0.000 0.000 0.000 0.842 0.070 0.000 0.084 0.002 0.001 0.000 0.000 0.000
74 74 (0) 8 : 0.000 0.000 0.000 0.002 0.940 0.049 0.000 0.000 0.008 0.000 0.000 0.000 0.000
75 75 (0) 8 : 0.000 0.000 0.000 0.002 0.899 0.000 0.000 0.000 0.099 0.000 0.001 0.000 0.000
76 76 (0) 8 : 0.000 0.000 0.001 0.002 0.845 0.000 0.000 0.000 0.150 0.000 0.002 0.000 0.000
77 77 (0) 8 : 0.000 0.000 0.000 0.000 0.944 0.000 0.000 0.000 0.053 0.000 0.001 0.000 0.000
78 78 (0) 9 : 0.000 0.000 0.001 0.000 0.001 0.000 0.000 0.000 0.720 0.000 0.105 0.172 0.000
79 79 (0) 9 : 0.000 0.000 0.000 0.000 0.001 0.000 0.000 0.000 0.817 0.000 0.102 0.079 0.000
80 80 (0) 9 : 0.000 0.000 0.000 0.000 0.000 0.000 0.000 0.000 0.812 0.000 0.077 0.110 0.000
81 81 (0) 9 : 0.000 0.000 0.000 0.000 0.000 0.000 0.000 0.000 0.649 0.000 0.081 0.269 0.000
82 82 (0) 9 : 0.000 0.000 0.000 0.000 0.015 0.000 0.000 0.000 0.741 0.000 0.088 0.156 0.000
83 83 (0) 9 : 0.000 0.000 0.001 0.000 0.021 0.000 0.000 0.000 0.778 0.000 0.124 0.075 0.000
84 84 (0) 9 : 0.000 0.000 0.016 0.000 0.002 0.000 0.000 0.000 0.861 0.000 0.008 0.113 0.000
85 85 (0) 9 : 0.000 0.000 0.000 0.000 0.001 0.000 0.000 0.000 0.837 0.000 0.113 0.045 0.003
86 86 (0) 9 : 0.001 0.000 0.000 0.000 0.000 0.000 0.000 0.000 0.676 0.000 0.004 0.318 0.000
87 87 (0) 9 : 0.000 0.000 0.000 0.000 0.000 0.000 0.000 0.000 0.769 0.000 0.161 0.070 0.000
88 88 (0) 9 : 0.000 0.000 0.000 0.000 0.002 0.000 0.000 0.000 0.822 0.000 0.111 0.064 0.000
89 89 (0) 9 : 0.002 0.089 0.000 0.000 0.000 0.000 0.000 0.000 0.625 0.000 0.083 0.201 0.000
90 90 (0) 9 : 0.000 0.000 0.000 0.000 0.000 0.000 0.000 0.000 0.783 0.000 0.042 0.175 0.000
91 91 (0) 10 : 0.000 0.000 0.853 0.115 0.001 0.000 0.000 0.000 0.004 0.000 0.002 0.000 0.024
92 92 (0) 10 : 0.000 0.000 0.921 0.008 0.036 0.000 0.000 0.000 0.034 0.000 0.001 0.000 0.001
93 93 (0) 10 : 0.000 0.000 0.997 0.001 0.000 0.000 0.000 0.000 0.001 0.000 0.001 0.000 0.000
94 94 (0) 10 : 0.000 0.000 0.992 0.004 0.000 0.000 0.000 0.000 0.000 0.000 0.003 0.000 0.000
95 95 (0) 10 : 0.000 0.000 0.997 0.000 0.000 0.000 0.000 0.000 0.001 0.000 0.000 0.000 0.001
96 96 (0) 10 : 0.000 0.000 0.971 0.001 0.002 0.000 0.000 0.000 0.009 0.000 0.005 0.000 0.012
97 97 (0) 10 : 0.000 0.000 0.797 0.097 0.000 0.000 0.000 0.000 0.071 0.000 0.002 0.000 0.031
98 98 (0) 10 : 0.000 0.000 0.993 0.000 0.000 0.000 0.000 0.000 0.001 0.000 0.005 0.000 0.000
99 99 (0) 10 : 0.000 0.000 0.760 0.000 0.000 0.110 0.036 0.063 0.000 0.029 0.000 0.000 0.000
100 100 (0) 10 : 0.000 0.000 0.978 0.000 0.001 0.000 0.000 0.000 0.019 0.000 0.002 0.000 0.001
101 101 (0) 10 : 0.000 0.000 0.780 0.000 0.000 0.205 0.000 0.001 0.000 0.013 0.000 0.000 0.001
102 102 (0) 10 : 0.000 0.000 0.982 0.001 0.008 0.000 0.000 0.000 0.008 0.000 0.001 0.000 0.001
103 103 (0) 10 : 0.000 0.000 0.988 0.010 0.001 0.000 0.000 0.000 0.001 0.000 0.000 0.000 0.000
1 1 (0) 1 : 0.240 0.001 0.071 0.000 0.000 0.001 0.000 0.000 0.000 0.686 0.000 0.000 0.000
2 2 (0) 1 : 0.411 0.001 0.218 0.000 0.000 0.000 0.000 0.000 0.000 0.368 0.000 0.000 0.001
3 3 (0) 1 : 0.118 0.060 0.000 0.001 0.000 0.000 0.000 0.000 0.000 0.820 0.001 0.000 0.000
4 4 (0) 1 : 0.345 0.001 0.033 0.000 0.000 0.000 0.000 0.000 0.002 0.619 0.000 0.000 0.000
5 5 (0) 1 : 0.657 0.000 0.341 0.000 0.000 0.000 0.000 0.000 0.000 0.002 0.000 0.000 0.000
6 6 (0) 1 : 0.618 0.000 0.000 0.000 0.000 0.000 0.000 0.083 0.000 0.296 0.001 0.000 0.000
7 7 (0) 1 : 0.384 0.001 0.000 0.000 0.000 0.000 0.000 0.045 0.000 0.569 0.000 0.000 0.000
8 8 (0) 1 : 0.177 0.002 0.110 0.000 0.000 0.001 0.001 0.000 0.003 0.687 0.000 0.000 0.018
9 9 (0) 1 : 0.492 0.000 0.000 0.000 0.000 0.000 0.000 0.000 0.000 0.507 0.000 0.000 0.000
10 10 (0) 1 : 0.000 0.000 0.000 0.000 0.000 0.000 0.000 0.000 0.000 0.097 0.000 0.000 0.902
11 11 (0) 1 : 0.020 0.072 0.000 0.019 0.000 0.007 0.000 0.000 0.000 0.882 0.000 0.000 0.000
12 12 (0) 1 : 0.000 0.001 0.450 0.000 0.000 0.000 0.000 0.000 0.001 0.356 0.000 0.070 0.120
13 13 (0) 2 : 0.000 0.000 0.000 0.000 0.000 0.000 0.000 1.000 0.000 0.000 0.000 0.000 0.000
14 14 (0) 2 : 0.000 0.000 0.000 0.000 0.000 0.000 0.000 1.000 0.000 0.000 0.000 0.000 0.000
15 15 (0) 2 : 0.000 0.000 0.000 0.000 0.000 0.000 0.000 1.000 0.000 0.000 0.000 0.000 0.000
16 16 (0) 3 : 0.000 0.000 0.000 0.075 0.000 0.049 0.870 0.000 0.000 0.006 0.000 0.000 0.000
17 17 (0) 3 : 0.000 0.000 0.000 0.000 0.000 0.000 0.998 0.000 0.000 0.000 0.000 0.000 0.000
18 18 (0) 3 : 0.000 0.001 0.000 0.075 0.000 0.001 0.857 0.000 0.000 0.030 0.000 0.037 0.000
19 19 (0) 3 : 0.000 0.000 0.322 0.000 0.000 0.000 0.551 0.030 0.000 0.000 0.000 0.031 0.064
20 20 (0) 3 : 0.000 0.000 0.000 0.000 0.000 0.000 0.137 0.000 0.000 0.000 0.000 0.862 0.000
21 21 (0) 3 : 0.000 0.002 0.000 0.010 0.000 0.001 0.877 0.000 0.000 0.111 0.000 0.000 0.000
22 22 (0) 3 : 0.000 0.000 0.193 0.000 0.000 0.000 0.647 0.000 0.000 0.000 0.000 0.159 0.000
23 23 (0) 3 : 0.000 0.000 0.000 0.085 0.000 0.004 0.759 0.000 0.000 0.151 0.000 0.000 0.000
24 24 (0) 3 : 0.000 0.002 0.000 0.043 0.000 0.005 0.862 0.000 0.000 0.088 0.000 0.000 0.000
25 25 (0) 3 : 0.000 0.000 0.069 0.003 0.000 0.001 0.878 0.000 0.000 0.002 0.000 0.026 0.020
26 26 (0) 3 : 0.000 0.001 0.000 0.000 0.000 0.000 0.995 0.000 0.000 0.002 0.000 0.000 0.000
27 27 (0) 3 : 0.000 0.000 0.000 0.000 0.000 0.000 0.997 0.000 0.000 0.002 0.000 0.000 0.000
28 28 (0) 4 : 0.000 0.001 0.000 0.000 0.000 0.000 0.000 0.000 0.295 0.704 0.000 0.000 0.000
29 29 (0) 4 : 0.000 0.000 0.000 0.000 0.000 0.000 0.000 0.000 0.249 0.750 0.000 0.000 0.000
30 30 (0) 4 : 0.000 0.000 0.000 0.000 0.000 0.000 0.000 0.000 0.265 0.734 0.000 0.000 0.000
31 31 (0) 4 : 0.000 0.000 0.000 0.001 0.000 0.000 0.000 0.000 0.323 0.676 0.000 0.000 0.000
32 32 (0) 4 : 0.000 0.002 0.000 0.000 0.000 0.000 0.000 0.000 0.402 0.596 0.000 0.000 0.000
33 33 (0) 4 : 0.000 0.001 0.000 0.000 0.000 0.000 0.000 0.000 0.277 0.722 0.000 0.000 0.000
34 34 (0) 4 : 0.000 0.000 0.000 0.000 0.000 0.000 0.000 0.000 0.283 0.716 0.000 0.000 0.000
35 35 (0) 5 : 0.000 0.996 0.000 0.000 0.000 0.000 0.000 0.000 0.000 0.003 0.000 0.000 0.000
36 36 (0) 5 : 0.000 0.998 0.000 0.000 0.000 0.000 0.000 0.000 0.000 0.002 0.000 0.000 0.000
37 37 (0) 5 : 0.000 0.998 0.000 0.000 0.000 0.000 0.000 0.000 0.000 0.001 0.000 0.000 0.000
38 38 (0) 5 : 0.000 0.998 0.000 0.000 0.000 0.000 0.000 0.000 0.000 0.001 0.000 0.000 0.000
39 39 (0) 5 : 0.000 0.999 0.000 0.000 0.000 0.000 0.000 0.000 0.000 0.000 0.000 0.000 0.000
40 40 (0) 5 : 0.000 0.625 0.375 0.000 0.000 0.000 0.000 0.000 0.000 0.000 0.000 0.000 0.000
41 41 (0) 5 : 0.000 0.998 0.000 0.000 0.000 0.000 0.000 0.000 0.000 0.001 0.000 0.000 0.000
42 42 (0) 5 : 0.000 0.886 0.075 0.000 0.000 0.000 0.000 0.000 0.000 0.000 0.039 0.000 0.000
43 43 (0) 5 : 0.000 0.953 0.000 0.000 0.000 0.000 0.000 0.000 0.000 0.046 0.000 0.000 0.000
44 44 (0) 5 : 0.000 0.999 0.000 0.000 0.000 0.000 0.000 0.000 0.000 0.000 0.000 0.000 0.000
45 45 (0) 5 : 0.000 0.996 0.000 0.000 0.000 0.000 0.000 0.000 0.001 0.003 0.000 0.000 0.000
46 46 (0) 5 : 0.000 0.999 0.000 0.000 0.000 0.000 0.000 0.000 0.000 0.001 0.000 0.000 0.000
47 47 (0) 5 : 0.000 0.999 0.000 0.000 0.000 0.000 0.000 0.000 0.000 0.001 0.000 0.000 0.000
48 48 (0) 6 : 0.000 0.000 0.000 0.006 0.002 0.004 0.007 0.000 0.000 0.980 0.000 0.000 0.000
49 49 (0) 6 : 0.000 0.002 0.000 0.000 0.000 0.000 0.000 0.000 0.018 0.979 0.000 0.000 0.000
50 50 (0) 6 : 0.000 0.004 0.000 0.026 0.000 0.009 0.000 0.000 0.002 0.957 0.000 0.000 0.000
51 51 (0) 6 : 0.000 0.001 0.000 0.000 0.008 0.000 0.000 0.000 0.000 0.990 0.000 0.000 0.000
52 52 (0) 6 : 0.000 0.000 0.000 0.005 0.000 0.001 0.000 0.000 0.000 0.993 0.000 0.000 0.000
53 53 (0) 6 : 0.000 0.000 0.000 0.000 0.000 0.001 0.009 0.000 0.007 0.982 0.000 0.000 0.000
54 54 (0) 6 : 0.000 0.001 0.000 0.000 0.000 0.005 0.000 0.000 0.001 0.992 0.000 0.000 0.000
55 55 (0) 6 : 0.000 0.002 0.000 0.000 0.000 0.008 0.000 0.000 0.013 0.977 0.000 0.000 0.000
56 56 (0) 6 : 0.000 0.002 0.000 0.000 0.000 0.126 0.000 0.000 0.000 0.872 0.000 0.000 0.000
57 57 (0) 6 : 0.000 0.002 0.000 0.000 0.000 0.000 0.000 0.000 0.000 0.996 0.000 0.000 0.000
58 58 (0) 6 : 0.000 0.004 0.000 0.095 0.789 0.001 0.003 0.000 0.000 0.108 0.000 0.000 0.000
59 59 (0) 7 : 0.000 0.001 0.000 0.001 0.993 0.000 0.002 0.000 0.000 0.003 0.000 0.000 0.000
60 60 (0) 7 : 0.000 0.000 0.000 0.001 0.993 0.000 0.001 0.000 0.000 0.003 0.000 0.000 0.000
61 61 (0) 7 : 0.000 0.001 0.000 0.005 0.983 0.000 0.000 0.000 0.000 0.010 0.000 0.000 0.000
62 62 (0) 7 : 0.000 0.000 0.000 0.015 0.983 0.001 0.000 0.000 0.000 0.000 0.000 0.000 0.000
63 63 (0) 7 : 0.000 0.011 0.000 0.001 0.981 0.001 0.000 0.000 0.000 0.005 0.000 0.000 0.000
64 64 (0) 7 : 0.000 0.001 0.000 0.000 0.995 0.001 0.001 0.000 0.000 0.002 0.000 0.000 0.000
65 65 (0) 7 : 0.000 0.000 0.000 0.005 0.953 0.000 0.000 0.000 0.000 0.040 0.000 0.000 0.000
66 66 (0) 8 : 0.000 0.027 0.000 0.000 0.000 0.809 0.004 0.000 0.000 0.159 0.000 0.000 0.000
67 67 (0) 8 : 0.000 0.001 0.000 0.000 0.000 0.993 0.000 0.000 0.000 0.005 0.000 0.000 0.000
68 68 (0) 8 : 0.000 0.000 0.000 0.001 0.000 0.990 0.001 0.000 0.000 0.008 0.000 0.000 0.000
69 69 (0) 8 : 0.000 0.000 0.000 0.000 0.000 0.990 0.000 0.000 0.000 0.009 0.000 0.000 0.000
70 70 (0) 8 : 0.000 0.000 0.000 0.000 0.000 0.909 0.000 0.000 0.000 0.091 0.000 0.000 0.000
71 71 (0) 8 : 0.000 0.015 0.000 0.000 0.000 0.863 0.000 0.000 0.000 0.122 0.000 0.000 0.000
72 72 (0) 8 : 0.000 0.001 0.000 0.002 0.000 0.983 0.001 0.000 0.000 0.013 0.000 0.000 0.000
73 73 (0) 8 : 0.000 0.000 0.139 0.000 0.000 0.849 0.000 0.000 0.000 0.011 0.000 0.000 0.000
74 74 (0) 8 : 0.000 0.000 0.051 0.000 0.000 0.929 0.002 0.000 0.000 0.018 0.000 0.000 0.000
75 75 (0) 8 : 0.000 0.001 0.000 0.000 0.000 0.893 0.001 0.000 0.000 0.104 0.000 0.000 0.000
76 76 (0) 8 : 0.000 0.002 0.000 0.001 0.000 0.833 0.002 0.000 0.000 0.161 0.000 0.000 0.000
77 77 (0) 8 : 0.000 0.002 0.000 0.000 0.000 0.944 0.000 0.000 0.000 0.053 0.000 0.000 0.000
78 78 (0) 9 : 0.000 0.085 0.000 0.001 0.000 0.001 0.000 0.000 0.000 0.736 0.178 0.000 0.000
79 79 (0) 9 : 0.000 0.067 0.000 0.001 0.000 0.001 0.000 0.000 0.000 0.844 0.087 0.000 0.000
80 80 (0) 9 : 0.000 0.057 0.000 0.000 0.000 0.000 0.000 0.000 0.000 0.827 0.115 0.000 0.000
81 81 (0) 9 : 0.000 0.026 0.000 0.000 0.000 0.001 0.000 0.000 0.000 0.696 0.277 0.000 0.000
82 82 (0) 9 : 0.000 0.072 0.000 0.000 0.000 0.017 0.000 0.000 0.005 0.729 0.176 0.000 0.000
83 83 (0) 9 : 0.000 0.098 0.000 0.001 0.000 0.041 0.000 0.000 0.000 0.778 0.082 0.000 0.000
84 84 (0) 9 : 0.000 0.001 0.000 0.035 0.000 0.001 0.000 0.000 0.000 0.846 0.116 0.000 0.000
85 85 (0) 9 : 0.000 0.091 0.000 0.001 0.015 0.001 0.001 0.000 0.000 0.840 0.052 0.000 0.000
86 86 (0) 9 : 0.128 0.004 0.000 0.001 0.000 0.001 0.000 0.003 0.001 0.676 0.178 0.000 0.007
87 87 (0) 9 : 0.000 0.138 0.000 0.000 0.000 0.000 0.000 0.000 0.000 0.784 0.078 0.000 0.000
88 88 (0) 9 : 0.000 0.091 0.000 0.000 0.000 0.001 0.000 0.000 0.000 0.835 0.072 0.000 0.000
89 89 (0) 9 : 0.000 0.008 0.000 0.000 0.000 0.000 0.000 0.000 0.000 0.657 0.333 0.000 0.000
90 90 (0) 9 : 0.000 0.010 0.000 0.000 0.000 0.000 0.000 0.000 0.000 0.800 0.189 0.000 0.000
91 91 (0) 10 : 0.000 0.001 0.000 0.848 0.026 0.001 0.107 0.000 0.000 0.016 0.000 0.000 0.000
92 92 (0) 10 : 0.000 0.001 0.000 0.905 0.001 0.001 0.006 0.000 0.000 0.085 0.000 0.000 0.000
93 93 (0) 10 : 0.000 0.001 0.000 0.995 0.000 0.000 0.001 0.000 0.000 0.003 0.000 0.000 0.000
94 94 (0) 10 : 0.000 0.002 0.000 0.993 0.000 0.000 0.004 0.000 0.000 0.000 0.000 0.000 0.000
95 95 (0) 10 : 0.000 0.000 0.000 0.995 0.001 0.000 0.000 0.000 0.000 0.004 0.000 0.000 0.000
96 96 (0) 10 : 0.000 0.004 0.000 0.970 0.013 0.001 0.001 0.000 0.000 0.012 0.000 0.000 0.000
97 97 (0) 10 : 0.000 0.001 0.000 0.787 0.031 0.000 0.090 0.000 0.000 0.090 0.000 0.000 0.000
98 98 (0) 10 : 0.000 0.004 0.000 0.992 0.000 0.000 0.000 0.000 0.000 0.003 0.000 0.000 0.000
99 99 (0) 10 : 0.000 0.000 0.148 0.778 0.000 0.000 0.001 0.000 0.000 0.000 0.000 0.039 0.033
100 100 (0) 10 : 0.000 0.002 0.000 0.967 0.000 0.001 0.000 0.000 0.000 0.030 0.000 0.000 0.000
101 101 (0) 10 : 0.000 0.000 0.201 0.781 0.001 0.000 0.000 0.000 0.000 0.000 0.000 0.000 0.016
102 102 (0) 10 : 0.000 0.001 0.000 0.985 0.001 0.005 0.001 0.000 0.000 0.006 0.000 0.000 0.000
103 103 (0) 10 : 0.000 0.000 0.000 0.991 0.000 0.000 0.007 0.000 0.000 0.002 0.000 0.000 0.000
1 1 (0) 1 : 0.001 0.000 0.208 0.031 0.000 0.002 0.000 0.000 0.000 0.021 0.720 0.015 0.000
2 2 (0) 1 : 0.000 0.000 0.515 0.001 0.000 0.001 0.000 0.000 0.000 0.000 0.483 0.000 0.000
3 3 (0) 1 : 0.000 0.000 0.040 0.035 0.001 0.050 0.000 0.000 0.000 0.002 0.846 0.025 0.000
4 4 (0) 1 : 0.000 0.000 0.256 0.018 0.000 0.006 0.000 0.000 0.000 0.000 0.717 0.001 0.000
5 5 (0) 1 : 0.000 0.000 0.753 0.104 0.000 0.000 0.000 0.000 0.000 0.000 0.142 0.000 0.000
6 6 (0) 1 : 0.000 0.000 0.000 0.608 0.000 0.000 0.000 0.000 0.000 0.000 0.391 0.000 0.000
7 7 (0) 1 : 0.001 0.002 0.000 0.357 0.001 0.002 0.000 0.000 0.000 0.000 0.635 0.001 0.000
8 8 (0) 1 : 0.001 0.027 0.207 0.035 0.000 0.002 0.000 0.000 0.000 0.001 0.726 0.001 0.000
9 9 (0) 1 : 0.000 0.002 0.205 0.179 0.000 0.001 0.000 0.000 0.000 0.000 0.614 0.000 0.000
10 10 (0) 1 : 0.000 0.897 0.000 0.000 0.000 0.000 0.000 0.000 0.000 0.000 0.102 0.000 0.000
11 11 (0) 1 : 0.010 0.000 0.000 0.009 0.031 0.065 0.000 0.000 0.000 0.021 0.849 0.013 0.000
12 12 (0) 1 : 0.000 0.135 0.401 0.037 0.000 0.001 0.000 0.000 0.000 0.000 0.337 0.001 0.088
13 13 (0) 2 : 0.000 0.000 0.000 0.000 0.000 0.000 0.000 1.000 0.000 0.000 0.000 0.000 0.000
14 14 (0) 2 : 0.000 0.000 0.000 0.000 0.000 0.000 0.000 1.000 0.000 0.000 0.000 0.000 0.000
15 15 (0) 2 : 0.000 0.000 0.000 0.000 0.000 0.000 0.000 1.000 0.000 0.000 0.000 0.000 0.000
16 16 (0) 3 : 0.006 0.000 0.000 0.000 0.045 0.000 0.786 0.000 0.000 0.000 0.163 0.000 0.000
17 17 (0) 3 : 0.000 0.000 0.000 0.000 0.000 0.000 0.896 0.000 0.000 0.000 0.103 0.000 0.000
18 18 (0) 3 : 0.000 0.000 0.000 0.000 0.028 0.000 0.749 0.000 0.000 0.000 0.185 0.000 0.037
19 19 (0) 3 : 0.000 0.075 0.283 0.012 0.000 0.000 0.557 0.021 0.000 0.000 0.000 0.000 0.050
20 20 (0) 3 : 0.000 0.000 0.000 0.000 0.000 0.000 0.145 0.000 0.000 0.000 0.000 0.000 0.854
21 21 (0) 3 : 0.001 0.000 0.000 0.000 0.005 0.001 0.778 0.000 0.000 0.000 0.216 0.000 0.000
22 22 (0) 3 : 0.000 0.001 0.166 0.000 0.000 0.000 0.646 0.000 0.000 0.000 0.001 0.000 0.186
23 23 (0) 3 : 0.002 0.000 0.000 0.000 0.058 0.000 0.668 0.000 0.000 0.000 0.272 0.000 0.000
24 24 (0) 3 : 0.001 0.000 0.000 0.000 0.023 0.002 0.770 0.000 0.000 0.000 0.203 0.000 0.000
25 25 (0) 3 : 0.001 0.022 0.062 0.000 0.001 0.000 0.791 0.000 0.000 0.000 0.095 0.000 0.027
26 26 (0) 3 : 0.000 0.000 0.000 0.000 0.000 0.001 0.868 0.000 0.000 0.000 0.130 0.000 0.000
27 27 (0) 3 : 0.000 0.000 0.000 0.000 0.000 0.000 0.880 0.000 0.000 0.000 0.119 0.000 0.000
28 28 (0) 4 : 0.000 0.000 0.000 0.013 0.000 0.002 0.000 0.000 0.000 0.001 0.983 0.000 0.000
29 29 (0) 4 : 0.001 0.000 0.000 0.000 0.000 0.002 0.000 0.000 0.001 0.001 0.995 0.000 0.000
30 30 (0) 4 : 0.000 0.000 0.000 0.000 0.000 0.000 0.000 0.000 0.000 0.000 0.999 0.000 0.000
31 31 (0) 4 : 0.004 0.000 0.055 0.000 0.002 0.000 0.000 0.000 0.000 0.003 0.933 0.000 0.002
32 32 (0) 4 : 0.000 0.000 0.046 0.000 0.000 0.000 0.000 0.006 0.000 0.001 0.938 0.008 0.000
33 33 (0) 4 : 0.000 0.000 0.000 0.000 0.000 0.001 0.000 0.000 0.000 0.000 0.999 0.000 0.000
34 34 (0) 4 : 0.000 0.000 0.000 0.000 0.000 0.000 0.000 0.000 0.000 0.000 0.999 0.000 0.000
35 35 (0) 5 : 0.000 0.000 0.000 0.000 0.000 0.982 0.000 0.000 0.000 0.000 0.017 0.000 0.000
36 36 (0) 5 : 0.000 0.000 0.000 0.000 0.000 0.985 0.000 0.000 0.000 0.000 0.015 0.000 0.000
37 37 (0) 5 : 0.000 0.000 0.000 0.000 0.000 0.994 0.000 0.000 0.000 0.000 0.005 0.000 0.000
38 38 (0) 5 : 0.000 0.000 0.000 0.000 0.000 0.997 0.000 0.000 0.000 0.000 0.002 0.000 0.000
39 39 (0) 5 : 0.000 0.000 0.000 0.000 0.000 0.998 0.000 0.000 0.000 0.000 0.001 0.000 0.000
40 40 (0) 5 : 0.000 0.027 0.326 0.000 0.000 0.621 0.000 0.000 0.000 0.000 0.000 0.000 0.025
41 41 (0) 5 : 0.000 0.000 0.000 0.000 0.000 0.988 0.000 0.000 0.000 0.000 0.012 0.000 0.000
42 42 (0) 5 : 0.000 0.002 0.069 0.000 0.000 0.885 0.000 0.000 0.000 0.000 0.000 0.042 0.001
43 43 (0) 5 : 0.000 0.000 0.000 0.000 0.000 0.930 0.000 0.000 0.000 0.000 0.069 0.000 0.000
44 44 (0) 5 : 0.000 0.000 0.000 0.000 0.000 0.999 0.000 0.000 0.000 0.000 0.000 0.000 0.000
45 45 (0) 5 : 0.000 0.000 0.000 0.000 0.000 0.977 0.000 0.000 0.000 0.000 0.022 0.000 0.000
46 46 (0) 5 : 0.000 0.000 0.000 0.000 0.000 0.998 0.000 0.000 0.000 0.000 0.002 0.000 0.000
47 47 (0) 5 : 0.000 0.000 0.000 0.000 0.000 0.996 0.000 0.000 0.000 0.000 0.004 0.000 0.000
48 48 (0) 6 : 0.001 0.000 0.000 0.000 0.000 0.000 0.001 0.000 0.000 0.231 0.767 0.000 0.000
49 49 (0) 6 : 0.000 0.000 0.000 0.000 0.000 0.002 0.000 0.000 0.000 0.182 0.815 0.000 0.000
50 50 (0) 6 : 0.002 0.000 0.000 0.000 0.005 0.004 0.000 0.000 0.000 0.210 0.778 0.000 0.000
51 51 (0) 6 : 0.000 0.000 0.000 0.000 0.000 0.000 0.000 0.000 0.000 0.208 0.791 0.000 0.000
52 52 (0) 6 : 0.001 0.000 0.000 0.000 0.001 0.000 0.000 0.000 0.000 0.175 0.823 0.000 0.000
53 53 (0) 6 : 0.000 0.000 0.000 0.000 0.000 0.000 0.001 0.000 0.000 0.189 0.809 0.000 0.000
54 54 (0) 6 : 0.001 0.000 0.000 0.000 0.000 0.000 0.000 0.000 0.000 0.174 0.824 0.000 0.000
55 55 (0) 6 : 0.001 0.000 0.000 0.000 0.000 0.000 0.000 0.000 0.000 0.202 0.796 0.000 0.000
56 56 (0) 6 : 0.089 0.000 0.000 0.000 0.000 0.001 0.000 0.000 0.000 0.187 0.723 0.000 0.000
57 57 (0) 6 : 0.000 0.000 0.000 0.000 0.000 0.001 0.000 0.000 0.000 0.230 0.768 0.000 0.000
58 58 (0) 6 : 0.001 0.000 0.000 0.000 0.059 0.001 0.001 0.000 0.726 0.000 0.212 0.000 0.000
59 59 (0) 7 : 0.000 0.000 0.000 0.000 0.001 0.000 0.000 0.000 0.891 0.000 0.107 0.000 0.000
60 60 (0) 7 : 0.000 0.000 0.000 0.000 0.001 0.000 0.001 0.000 0.873 0.000 0.125 0.000 0.000
61 61 (0) 7 : 0.000 0.000 0.000 0.000 0.002 0.000 0.000 0.000 0.901 0.000 0.096 0.000 0.000
62 62 (0) 7 : 0.000 0.000 0.000 0.000 0.016 0.000 0.000 0.000 0.915 0.000 0.068 0.000 0.000
63 63 (0) 7 : 0.000 0.000 0.000 0.000 0.000 0.009 0.000 0.000 0.898 0.000 0.093 0.000 0.000
64 64 (0) 7 : 0.001 0.000 0.000 0.000 0.000 0.001 0.000 0.000 0.897 0.000 0.101 0.000 0.000
65 65 (0) 7 : 0.000 0.000 0.000 0.000 0.002 0.000 0.000 0.000 0.876 0.000 0.121 0.000 0.000
66 66 (0) 8 : 0.633 0.000 0.000 0.000 0.000 0.020 0.003 0.000 0.000 0.000 0.343 0.000 0.000
67 67 (0) 8 : 0.839 0.000 0.000 0.000 0.000 0.000 0.000 0.000 0.000 0.000 0.161 0.000 0.000
68 68 (0) 8 : 0.808 0.000 0.000 0.000 0.000 0.000 0.000 0.000 0.000 0.000 0.190 0.000 0.000
69 69 (0) 8 : 0.799 0.000 0.000 0.000 0.000 0.000 0.000 0.000 0.000 0.000 0.200 0.000 0.000
70 70 (0) 8 : 0.705 0.000 0.000 0.000 0.000 0.000 0.000 0.000 0.000 0.000 0.294 0.000 0.000
71 71 (0) 8 : 0.672 0.000 0.000 0.000 0.000 0.001 0.000 0.000 0.000 0.000 0.326 0.000 0.000
72 72 (0) 8 : 0.774 0.000 0.000 0.000 0.000 0.000 0.000 0.000 0.000 0.000 0.225 0.000 0.000
73 73 (0) 8 : 0.712 0.001 0.140 0.000 0.000 0.000 0.000 0.000 0.000 0.000 0.146 0.000 0.000
74 74 (0) 8 : 0.799 0.002 0.012 0.000 0.000 0.000 0.002 0.000 0.000 0.000 0.184 0.000 0.000
75 75 (0) 8 : 0.726 0.000 0.000 0.000 0.000 0.000 0.000 0.000 0.000 0.000 0.273 0.000 0.000
76 76 (0) 8 : 0.673 0.000 0.000 0.000 0.001 0.000 0.002 0.000 0.000 0.002 0.321 0.000 0.000
77 77 (0) 8 : 0.786 0.000 0.000 0.000 0.000 0.000 0.000 0.000 0.000 0.000 0.213 0.000 0.000
78 78 (0) 9 : 0.000 0.000 0.000 0.000 0.000 0.025 0.000 0.000 0.000 0.000 0.756 0.218 0.000
79 79 (0) 9 : 0.000 0.000 0.000 0.000 0.000 0.063 0.000 0.000 0.000 0.002 0.810 0.125 0.000
80 80 (0) 9 : 0.000 0.000 0.000 0.000 0.000 0.029 0.000 0.000 0.000 0.000 0.822 0.148 0.000
81 81 (0) 9 : 0.000 0.000 0.000 0.000 0.000 0.020 0.000 0.000 0.000 0.000 0.677 0.302 0.000
82 82 (0) 9 : 0.008 0.000 0.000 0.000 0.000 0.031 0.000 0.000 0.000 0.000 0.774 0.185 0.000
83 83 (0) 9 : 0.014 0.000 0.000 0.000 0.000 0.081 0.000 0.000 0.000 0.000 0.791 0.112 0.000
84 84 (0) 9 : 0.000 0.000 0.000 0.000 0.002 0.001 0.000 0.000 0.000 0.000 0.852 0.144 0.000
85 85 (0) 9 : 0.000 0.000 0.000 0.000 0.000 0.075 0.000 0.000 0.001 0.000 0.836 0.087 0.000
86 86 (0) 9 : 0.001 0.003 0.091 0.001 0.000 0.001 0.000 0.007 0.000 0.001 0.679 0.215 0.001
87 87 (0) 9 : 0.000 0.000 0.000 0.000 0.000 0.126 0.000 0.000 0.000 0.000 0.764 0.109 0.000
88 88 (0) 9 : 0.001 0.000 0.000 0.000 0.000 0.081 0.000 0.000 0.000 0.031 0.795 0.092 0.000
89 89 (0) 9 : 0.000 0.000 0.000 0.086 0.000 0.006 0.000 0.003 0.000 0.000 0.681 0.222 0.000
90 90 (0) 9 : 0.000 0.000 0.000 0.000 0.000 0.003 0.000 0.000 0.000 0.000 0.779 0.218 0.000
91 91 (0) 10 : 0.000 0.000 0.000 0.000 0.743 0.001 0.091 0.000 0.022 0.000 0.143 0.000 0.000
92 92 (0) 10 : 0.001 0.000 0.000 0.000 0.780 0.000 0.004 0.000 0.001 0.000 0.213 0.000 0.000
93 93 (0) 10 : 0.000 0.000 0.000 0.000 0.856 0.001 0.000 0.000 0.000 0.000 0.143 0.000 0.000
94 94 (0) 10 : 0.000 0.000 0.000 0.000 0.850 0.008 0.002 0.000 0.000 0.000 0.139 0.000 0.000
95 95 (0) 10 : 0.000 0.000 0.000 0.000 0.836 0.000 0.000 0.000 0.000 0.000 0.163 0.000 0.000
96 96 (0) 10 : 0.000 0.000 0.000 0.000 0.809 0.001 0.000 0.000 0.005 0.000 0.184 0.000 0.000
97 97 (0) 10 : 0.000 0.000 0.000 0.000 0.693 0.002 0.078 0.000 0.033 0.000 0.194 0.000 0.000
98 98 (0) 10 : 0.000 0.000 0.000 0.000 0.865 0.001 0.000 0.000 0.000 0.000 0.133 0.000 0.000
99 99 (0) 10 : 0.000 0.035 0.155 0.000 0.762 0.000 0.003 0.000 0.000 0.000 0.001 0.000 0.044
100 100 (0) 10 : 0.000 0.000 0.000 0.000 0.818 0.001 0.000 0.000 0.000 0.000 0.180 0.000 0.000
101 101 (0) 10 : 0.000 0.040 0.187 0.000 0.767 0.000 0.000 0.000 0.001 0.000 0.002 0.000 0.001
102 102 (0) 10 : 0.001 0.000 0.000 0.000 0.819 0.000 0.000 0.000 0.000 0.000 0.179 0.000 0.000
103 103 (0) 10 : 0.000 0.000 0.000 0.000 0.838 0.000 0.002 0.000 0.000 0.000 0.159 0.000 0.000
1 1 (0) 1 : 0.519 0.218 0.000 0.000 0.000 0.000 0.224 0.001 0.000 0.000 0.001 0.025 0.011
2 2 (0) 1 : 0.382 0.510 0.000 0.000 0.001 0.000 0.107 0.000 0.000 0.000 0.000 0.000 0.000
3 3 (0) 1 : 0.562 0.053 0.000 0.000 0.068 0.000 0.268 0.002 0.000 0.000 0.000 0.025 0.020
4 4 (0) 1 : 0.469 0.267 0.000 0.000 0.009 0.000 0.188 0.053 0.000 0.000 0.000 0.011 0.003
5 5 (0) 1 : 0.181 0.768 0.035 0.000 0.000 0.000 0.000 0.000 0.000 0.000 0.000 0.000 0.015
6 6 (0) 1 : 0.318 0.000 0.000 0.000 0.000 0.000 0.061 0.000 0.000 0.000 0.000 0.001 0.619
7 7 (0) 1 : 0.474 0.000 0.000 0.000 0.003 0.000 0.137 0.001 0.000 0.000 0.000 0.007 0.377
8 8 (0) 1 : 0.505 0.201 0.014 0.000 0.003 0.000 0.213 0.012 0.000 0.000 0.001 0.012 0.040
9 9 (0) 1 : 0.488 0.218 0.000 0.000 0.001 0.000 0.114 0.000 0.000 0.000 0.000 0.000 0.179
10 10 (0) 1 : 0.078 0.118 0.674 0.000 0.000 0.000 0.030 0.000 0.000 0.000 0.000 0.000 0.100
11 11 (0) 1 : 0.536 0.000 0.000 0.000 0.075 0.000 0.355 0.004 0.004 0.000 0.002 0.011 0.013
12 12 (0) 1 : 0.236 0.165 0.441 0.000 0.002 0.000 0.136 0.001 0.000 0.000 0.000 0.008 0.009
13 13 (0) 2 : 0.000 0.000 0.000 0.000 0.000 1.000 0.000 0.000 0.000 0.000 0.000 0.000 0.000
14 14 (0) 2 : 0.000 0.000 0.000 0.000 0.000 1.000 0.000 0.000 0.000 0.000 0.000 0.000 0.000
15 15 (0) 2 : 0.000 0.000 0.000 0.000 0.000 1.000 0.000 0.000 0.000 0.000 0.000 0.000 0.000
16 16 (0) 3 : 0.408 0.000 0.000 0.000 0.000 0.000 0.000 0.000 0.023 0.567 0.001 0.000 0.000
17 17 (0) 3 : 0.381 0.000 0.000 0.000 0.000 0.000 0.000 0.000 0.000 0.618 0.000 0.000 0.000
18 18 (0) 3 : 0.420 0.000 0.000 0.000 0.000 0.000 0.000 0.000 0.003 0.576 0.000 0.000 0.000
19 19 (0) 3 : 0.147 0.052 0.366 0.000 0.000 0.001 0.000 0.000 0.000 0.432 0.000 0.000 0.001
20 20 (0) 3 : 0.002 0.000 0.637 0.000 0.000 0.000 0.000 0.000 0.000 0.359 0.000 0.000 0.000
21 21 (0) 3 : 0.433 0.000 0.000 0.000 0.002 0.000 0.000 0.000 0.001 0.562 0.001 0.000 0.000
22 22 (0) 3 : 0.185 0.000 0.303 0.000 0.000 0.000 0.000 0.000 0.000 0.511 0.000 0.000 0.000
23 23 (0) 3 : 0.486 0.000 0.000 0.000 0.000 0.000 0.000 0.000 0.039 0.470 0.004 0.000 0.000
24 24 (0) 3 : 0.424 0.000 0.000 0.001 0.001 0.000 0.000 0.000 0.005 0.569 0.001 0.000 0.000
25 25 (0) 3 : 0.345 0.000 0.091 0.000 0.000 0.000 0.000 0.000 0.000 0.562 0.000 0.000 0.000
26 26 (0) 3 : 0.396 0.000 0.000 0.000 0.000 0.000 0.000 0.000 0.000 0.603 0.000 0.000 0.000
27 27 (0) 3 : 0.361 0.000 0.000 0.000 0.000 0.000 0.000 0.000 0.000 0.638 0.000 0.000 0.000
28 28 (0) 4 : 0.539 0.000 0.000 0.000 0.001 0.000 0.072 0.388 0.000 0.000 0.000 0.000 0.000
29 29 (0) 4 : 0.599 0.000 0.000 0.000 0.000 0.000 0.043 0.358 0.000 0.000 0.000 0.000 0.000
30 30 (0) 4 : 0.578 0.000 0.000 0.000 0.000 0.000 0.013 0.408 0.000 0.000 0.000 0.000 0.000
31 31 (0) 4 : 0.501 0.029 0.000 0.000 0.000 0.000 0.120 0.348 0.000 0.000 0.000 0.000 0.000
32 32 (0) 4 : 0.460 0.000 0.000 0.000 0.002 0.000 0.011 0.525 0.000 0.000 0.000 0.002 0.000
33 33 (0) 4 : 0.555 0.000 0.000 0.000 0.001 0.000 0.047 0.396 0.000 0.000 0.000 0.000 0.000
34 34 (0) 4 : 0.573 0.000 0.000 0.000 0.000 0.000 0.000 0.426 0.000 0.000 0.000 0.000 0.000
35 35 (0) 5 : 0.044 0.000 0.000 0.000 0.955 0.000 0.000 0.000 0.000 0.000 0.000 0.000 0.000
36 36 (0) 5 : 0.019 0.000 0.000 0.000 0.979 0.000 0.000 0.001 0.000 0.000 0.000 0.000 0.000
37 37 (0) 5 : 0.022 0.000 0.000 0.000 0.976 0.000 0.000 0.000 0.000 0.000 0.000 0.000 0.000
38 38 (0) 5 : 0.017 0.000 0.000 0.000 0.982 0.000 0.001 0.000 0.000 0.000 0.000 0.000 0.000
39 39 (0) 5 : 0.034 0.000 0.000 0.000 0.965 0.000 0.000 0.000 0.000 0.000 0.000 0.000 0.000
40 40 (0) 5 : 0.000 0.159 0.192 0.000 0.649 0.000 0.000 0.000 0.000 0.000 0.000 0.000 0.000
41 41 (0) 5 : 0.069 0.000 0.000 0.000 0.931 0.000 0.000 0.000 0.000 0.000 0.000 0.000 0.000
42 42 (0) 5 : 0.000 0.000 0.086 0.000 0.913 0.000 0.000 0.000 0.000 0.000 0.000 0.000 0.000
43 43 (0) 5 : 0.087 0.000 0.000 0.000 0.911 0.000 0.001 0.000 0.000 0.000 0.000 0.000 0.000
44 44 (0) 5 : 0.015 0.000 0.000 0.000 0.985 0.000 0.000 0.000 0.000 0.000 0.000 0.000 0.000
45 45 (0) 5 : 0.024 0.000 0.000 0.000 0.974 0.000 0.000 0.001 0.000 0.000 0.000 0.000 0.000
46 46 (0) 5 : 0.023 0.000 0.000 0.000 0.976 0.000 0.000 0.000 0.000 0.000 0.000 0.000 0.000
47 47 (0) 5 : 0.020 0.000 0.000 0.000 0.980 0.000 0.000 0.000 0.000 0.000 0.000 0.000 0.000
48 48 (0) 6 : 0.485 0.000 0.000 0.001 0.000 0.000 0.508 0.001 0.001 0.002 0.002 0.000 0.000
49 49 (0) 6 : 0.474 0.000 0.000 0.000 0.004 0.000 0.483 0.038 0.000 0.000 0.000 0.000 0.000
50 50 (0) 6 : 0.478 0.000 0.000 0.000 0.005 0.000 0.490 0.017 0.008 0.000 0.002 0.000 0.000
51 51 (0) 6 : 0.481 0.000 0.000 0.000 0.001 0.000 0.517 0.001 0.000 0.000 0.000 0.000 0.000
52 52 (0) 6 : 0.499 0.000 0.000 0.000 0.000 0.000 0.499 0.001 0.001 0.000 0.000 0.000 0.000
53 53 (0) 6 : 0.508 0.000 0.000 0.000 0.000 0.000 0.465 0.026 0.000 0.001 0.000 0.000 0.000
54 54 (0) 6 : 0.515 0.000 0.000 0.000 0.004 0.000 0.475 0.005 0.000 0.000 0.001 0.000 0.000
55 55 (0) 6 : 0.445 0.000 0.000 0.000 0.001 0.000 0.511 0.043 0.000 0.000 0.001 0.000 0.000
56 56 (0) 6 : 0.463 0.000 0.000 0.000 0.002 0.000 0.451 0.001 0.000 0.000 0.082 0.000 0.000
57 57 (0) 6 : 0.467 0.000 0.000 0.000 0.002 0.000 0.529 0.001 0.000 0.000 0.000 0.000 0.000
58 58 (0) 6 : 0.392 0.000 0.000 0.572 0.001 0.000 0.000 0.000 0.034 0.000 0.000 0.000 0.000
59 59 (0) 7 : 0.331 0.000 0.000 0.667 0.000 0.000 0.000 0.000 0.000 0.000 0.000 0.000 0.000
60 60 (0) 7 : 0.347 0.000 0.000 0.651 0.000 0.000 0.000 0.000 0.000 0.000 0.000 0.000 0.000
61 61 (0) 7 : 0.312 0.000 0.000 0.686 0.000 0.000 0.000 0.000 0.001 0.000 0.000 0.000 0.000
62 62 (0) 7 : 0.314 0.000 0.000 0.682 0.000 0.000 0.000 0.000 0.003 0.000 0.000 0.000 0.000
63 63 (0) 7 : 0.312 0.000 0.000 0.685 0.002 0.000 0.000 0.000 0.000 0.000 0.000 0.000 0.000
64 64 (0) 7 : 0.332 0.000 0.000 0.667 0.000 0.000 0.000 0.000 0.000 0.000 0.000 0.000 0.000
65 65 (0) 7 : 0.333 0.000 0.000 0.666 0.000 0.000 0.000 0.000 0.001 0.000 0.000 0.000 0.000
66 66 (0) 8 : 0.528 0.000 0.000 0.000 0.030 0.000 0.006 0.000 0.000 0.002 0.433 0.000 0.000
67 67 (0) 8 : 0.428 0.000 0.000 0.000 0.000 0.000 0.000 0.000 0.000 0.000 0.572 0.000 0.000
68 68 (0) 8 : 0.455 0.000 0.000 0.000 0.000 0.000 0.000 0.000 0.000 0.000 0.544 0.000 0.000
69 69 (0) 8 : 0.477 0.000 0.000 0.000 0.000 0.000 0.000 0.000 0.000 0.000 0.522 0.000 0.000
70 70 (0) 8 : 0.520 0.000 0.000 0.000 0.000 0.000 0.000 0.000 0.000 0.000 0.479 0.000 0.000
71 71 (0) 8 : 0.503 0.000 0.000 0.000 0.028 0.000 0.002 0.004 0.000 0.000 0.463 0.000 0.000
72 72 (0) 8 : 0.487 0.000 0.000 0.000 0.001 0.000 0.000 0.000 0.000 0.000 0.511 0.000 0.000
73 73 (0) 8 : 0.402 0.083 0.055 0.000 0.000 0.000 0.000 0.000 0.000 0.000 0.459 0.000 0.000
74 74 (0) 8 : 0.460 0.000 0.047 0.000 0.000 0.000 0.000 0.000 0.000 0.001 0.491 0.000 0.000
75 75 (0) 8 : 0.509 0.000 0.000 0.000 0.003 0.000 0.001 0.000 0.000 0.001 0.485 0.000 0.000
76 76 (0) 8 : 0.499 0.000 0.000 0.000 0.003 0.000 0.033 0.000 0.001 0.001 0.463 0.000 0.000
77 77 (0) 8 : 0.456 0.000 0.000 0.000 0.001 0.000 0.000 0.000 0.000 0.000 0.543 0.000 0.000
78 78 (0) 9 : 0.508 0.000 0.000 0.000 0.079 0.000 0.182 0.000 0.000 0.000 0.000 0.229 0.000
79 79 (0) 9 : 0.539 0.000 0.000 0.000 0.073 0.000 0.252 0.002 0.000 0.000 0.000 0.132 0.000
80 80 (0) 9 : 0.563 0.000 0.000 0.000 0.063 0.000 0.209 0.000 0.000 0.000 0.000 0.165 0.000
81 81 (0) 9 : 0.501 0.000 0.000 0.000 0.028 0.000 0.141 0.001 0.000 0.000 0.000 0.329 0.000
82 82 (0) 9 : 0.522 0.000 0.000 0.000 0.073 0.000 0.123 0.062 0.000 0.000 0.008 0.211 0.001
83 83 (0) 9 : 0.554 0.000 0.000 0.000 0.100 0.000 0.209 0.000 0.000 0.000 0.007 0.130 0.000
84 84 (0) 9 : 0.618 0.000 0.000 0.000 0.005 0.000 0.194 0.004 0.001 0.000 0.000 0.178 0.000
85 85 (0) 9 : 0.596 0.000 0.000 0.001 0.085 0.000 0.215 0.002 0.000 0.000 0.000 0.100 0.000
86 86 (0) 9 : 0.476 0.073 0.003 0.000 0.003 0.005 0.179 0.003 0.000 0.000 0.000 0.257 0.001
87 87 (0) 9 : 0.534 0.000 0.000 0.000 0.129 0.000 0.218 0.000 0.000 0.000 0.000 0.117 0.000
88 88 (0) 9 : 0.542 0.000 0.000 0.000 0.085 0.000 0.269 0.002 0.000 0.000 0.000 0.100 0.000
89 89 (0) 9 : 0.521 0.000 0.000 0.000 0.046 0.003 0.078 0.001 0.000 0.000 0.000 0.256 0.095
90 90 (0) 9 : 0.566 0.000 0.000 0.000 0.009 0.000 0.191 0.000 0.000 0.000 0.000 0.233 0.000
91 91 (0) 10 : 0.431 0.000 0.000 0.016 0.000 0.000 0.000 0.000 0.502 0.049 0.000 0.000 0.000
92 92 (0) 10 : 0.465 0.000 0.000 0.001 0.001 0.000 0.001 0.000 0.530 0.001 0.001 0.000 0.000
93 93 (0) 10 : 0.412 0.000 0.000 0.000 0.001 0.000 0.000 0.000 0.587 0.000 0.000 0.000 0.000
94 94 (0) 10 : 0.429 0.000 0.000 0.000 0.001 0.000 0.000 0.000 0.569 0.001 0.000 0.000 0.000
95 95 (0) 10 : 0.444 0.000 0.000 0.000 0.000 0.000 0.000 0.000 0.555 0.000 0.000 0.000 0.000
96 96 (0) 10 : 0.442 0.000 0.000 0.004 0.000 0.000 0.000 0.000 0.554 0.000 0.000 0.000 0.000
97 97 (0) 10 : 0.428 0.000 0.000 0.027 0.002 0.000 0.001 0.001 0.485 0.054 0.000 0.001 0.000
98 98 (0) 10 : 0.421 0.000 0.000 0.000 0.001 0.000 0.000 0.000 0.578 0.000 0.000 0.000 0.000
99 99 (0) 10 : 0.287 0.057 0.158 0.000 0.000 0.000 0.000 0.000 0.497 0.001 0.000 0.000 0.000
100 100 (0) 10 : 0.439 0.000 0.000 0.000 0.000 0.000 0.000 0.000 0.559 0.000 0.000 0.000 0.000
101 101 (0) 10 : 0.302 0.043 0.161 0.001 0.000 0.000 0.000 0.000 0.493 0.000 0.000 0.000 0.000
102 102 (0) 10 : 0.457 0.000 0.000 0.000 0.000 0.000 0.000 0.000 0.541 0.000 0.000 0.000 0.000
103 103 (0) 10 : 0.451 0.000 0.000 0.000 0.000 0.000 0.000 0.000 0.547 0.001 0.000 0.000 0.000
