1:	0.5001 0.0021 0.0019 0.0125 0.0000 0.0011 0.0890 0.2323 0.0000 0.0350 0.0863 0.0025 0.0371 	12
2:	0.0000 1.0000 0.0000 0.0000 0.0000 0.0000 0.0000 0.0000 0.0000 0.0000 0.0000 0.0000 0.0000 	3
3:	0.1056 0.0009 0.0216 0.0012 0.0000 0.0032 0.0270 0.0106 0.7213 0.0742 0.0002 0.0000 0.0342 	12
4:	0.7545 0.0002 0.0001 0.0006 0.0000 0.0002 0.0000 0.0075 0.0000 0.0088 0.0004 0.2274 0.0002 	7
5:	0.0103 0.0000 0.0000 0.9526 0.0000 0.0000 0.0047 0.0133 0.0000 0.0004 0.0006 0.0008 0.0172 	13
6:	0.7762 0.0000 0.0096 0.0019 0.0674 0.0117 0.0000 0.0000 0.0010 0.0896 0.0001 0.0064 0.0361 	11
7:	0.0894 0.0000 0.0039 0.0016 0.9042 0.0003 0.0000 0.0000 0.0005 0.0000 0.0000 0.0000 0.0000 	7
8:	0.1759 0.0000 0.0003 0.0041 0.0000 0.8022 0.0018 0.0070 0.0009 0.0007 0.0000 0.0001 0.0070 	12
9:	0.7390 0.0010 0.0048 0.0640 0.0005 0.0032 0.0006 0.0062 0.0001 0.0381 0.0370 0.0643 0.0412 	13
10:	0.1195 0.0000 0.8228 0.0013 0.0051 0.0014 0.0080 0.0090 0.0150 0.0025 0.0000 0.0001 0.0154 	13
