-------------------------------------------------------------------------------
 L       Percentage of nodes in the largest component
 D       Percentage of nodes in components of size at most 3 [-div option]
 R       Percentage of nodes not in L or D: 100 - L -D
 S       Percentage of nodes that are singletons
 E       Fraction of edges retained (input graph has 20)
 cce     Expected size of component, nodewise [ sum(sz^2) / sum^2(sz) ]
 EW      Edge weight traits (mean, median and IQR)
 ND      Node degree traits [mean, median and IQR]
 CCF     Clustering coefficient (scale 1-100)
 eff     Induced component efficiency relative to start graph (scale 1-1000)
Total number of nodes: 5
----------------------------------------------------------------------------------------------
  L   D   R   S     E     cce  EWmean   EWmed   EWiqr  NDmean   NDmed  NDiqr CCF  eff  Cutoff 
----------------------------------------------------------------------------------------------
100   0   0   0 0.900       5    0.63    0.61    0.12     3.6     4.5    1.2   -    -     0.50
100   0   0   0 0.700       5    0.66    0.69    0.10     2.8     3.5    0.5   -    -     0.51
100   0   0   0 0.700       5    0.66    0.69    0.10     2.8     3.5    0.5   -    -     0.52
100   0   0   0 0.700       5    0.66    0.69    0.10     2.8     3.5    0.5   -    -     0.53
100   0   0   0 0.700       5    0.66    0.69    0.10     2.8     3.5    0.5   -    -     0.54
100   0   0   0 0.700       5    0.66    0.69    0.10     2.8     3.5    0.5   -    -     0.55
100   0   0   0 0.700       5    0.66    0.69    0.10     2.8     3.5    0.5   -    -     0.56
100   0   0   0 0.700       5    0.66    0.69    0.10     2.8     3.5    0.5   -    -     0.57
100   0   0   0 0.600       5    0.68    0.69    0.10     2.4     3.5    1.2   -    -     0.58
100   0   0   0 0.600       5    0.68    0.69    0.10     2.4     3.5    1.2   -    -     0.59
100   0   0   0 0.500       5    0.70    0.69    0.02     2.0     2.5    2.0   -    -     0.60
100   0   0   0 0.500       5    0.70    0.69    0.02     2.0     2.5    2.0   -    -     0.61
 80  20   0  20 0.400       3    0.72    0.70    0.02     1.6     2.5    1.2   -    -     0.62
 80  20   0  20 0.400       3    0.72    0.70    0.02     1.6     2.5    1.2   -    -     0.63
 80  20   0  20 0.400       3    0.72    0.70    0.02     1.6     2.5    1.2   -    -     0.64
 80  20   0  20 0.400       3    0.72    0.70    0.02     1.6     2.5    1.2   -    -     0.65
 80  20   0  20 0.400       3    0.72    0.70    0.02     1.6     2.5    1.2   -    -     0.66
 80  20   0  20 0.400       3    0.72    0.70    0.02     1.6     2.5    1.2   -    -     0.67
 80  20   0  20 0.400       3    0.72    0.70    0.02     1.6     2.5    1.2   -    -     0.68
 80  20   0  20 0.300       3    0.73    0.71    0.04     1.2     1.5    1.2   -    -     0.69
  0 100   0  40 0.200       2    0.74    0.74    0.06     0.8     1.5    1.2   -    -     0.70
  0 100   0  40 0.200       2    0.74    0.74    0.06     0.8     1.5    1.2   -    -     0.71
  0 100   0  60 0.100       1    0.77    0.77    0.00     0.4     0.5    1.2   -    -     0.72
  0 100   0  60 0.100       1    0.77    0.77    0.00     0.4     0.5    1.2   -    -     0.73
  0 100   0  60 0.100       1    0.77    0.77    0.00     0.4     0.5    1.2   -    -     0.74
  0 100   0  60 0.100       1    0.77    0.77    0.00     0.4     0.5    1.2   -    -     0.75
  0 100   0  60 0.100       1    0.77    0.77    0.00     0.4     0.5    1.2   -    -     0.76
  0 100   0  60 0.100       1    0.77    0.77    0.00     0.4     0.5    1.2   -    -     0.77
  0 100   0 100 0.000       1    0.00    0.00    0.00     0.0     0.5    0.5   -    -     0.78
  0 100   0 100 0.000       1    0.00    0.00    0.00     0.0     0.5    0.5   -    -     0.79
  0 100   0 100 0.000       1    0.00    0.00    0.00     0.0     0.5    0.5   -    -     0.80
  0 100   0 100 0.000       1    0.00    0.00    0.00     0.0     0.5    0.5   -    -     0.81
  0 100   0 100 0.000       1    0.00    0.00    0.00     0.0     0.5    0.5   -    -     0.82
  0 100   0 100 0.000       1    0.00    0.00    0.00     0.0     0.5    0.5   -    -     0.83
  0 100   0 100 0.000       1    0.00    0.00    0.00     0.0     0.5    0.5   -    -     0.84
  0 100   0 100 0.000       1    0.00    0.00    0.00     0.0     0.5    0.5   -    -     0.85
  0 100   0 100 0.000       1    0.00    0.00    0.00     0.0     0.5    0.5   -    -     0.86
  0 100   0 100 0.000       1    0.00    0.00    0.00     0.0     0.5    0.5   -    -     0.87
  0 100   0 100 0.000       1    0.00    0.00    0.00     0.0     0.5    0.5   -    -     0.88
  0 100   0 100 0.000       1    0.00    0.00    0.00     0.0     0.5    0.5   -    -     0.89
  0 100   0 100 0.000       1    0.00    0.00    0.00     0.0     0.5    0.5   -    -     0.90
  0 100   0 100 0.000       1    0.00    0.00    0.00     0.0     0.5    0.5   -    -     0.91
  0 100   0 100 0.000       1    0.00    0.00    0.00     0.0     0.5    0.5   -    -     0.92
  0 100   0 100 0.000       1    0.00    0.00    0.00     0.0     0.5    0.5   -    -     0.93
  0 100   0 100 0.000       1    0.00    0.00    0.00     0.0     0.5    0.5   -    -     0.94
  0 100   0 100 0.000       1    0.00    0.00    0.00     0.0     0.5    0.5   -    -     0.95
  0 100   0 100 0.000       1    0.00    0.00    0.00     0.0     0.5    0.5   -    -     0.96
  0 100   0 100 0.000       1    0.00    0.00    0.00     0.0     0.5    0.5   -    -     0.97
  0 100   0 100 0.000       1    0.00    0.00    0.00     0.0     0.5    0.5   -    -     0.98
  0 100   0 100 0.000       1    0.00    0.00    0.00     0.0     0.5    0.5   -    -     0.99
---------------------------------------------------------------------------------------------
