1:	0.5062 0.0070 0.0021 0.0135 0.0000 0.0027 0.1003 0.2836 0.0216 0.0006 0.0625 	12
2:	0.0000 1.0000 0.0000 0.0000 0.0000 0.0000 0.0000 0.0000 0.0000 0.0000 0.0000 	3
3:	0.0176 0.0015 0.1868 0.0021 0.0000 0.0099 0.1098 0.0029 0.6512 0.0001 0.0179 	12
4:	0.9320 0.0001 0.0002 0.0004 0.0000 0.0001 0.0053 0.0032 0.0000 0.0587 0.0000 	7
5:	0.0037 0.0000 0.0000 0.9619 0.0000 0.0000 0.0244 0.0055 0.0000 0.0015 0.0030 	13
6:	0.8973 0.0000 0.0128 0.0017 0.0721 0.0141 0.0000 0.0000 0.0012 0.0006 0.0001 	11
7:	0.0090 0.0000 0.0055 0.0021 0.9822 0.0008 0.0000 0.0000 0.0004 0.0000 0.0000 	7
8:	0.0601 0.0000 0.0006 0.0040 0.0000 0.9195 0.0098 0.0036 0.0008 0.0000 0.0016 	12
9:	0.7610 0.0003 0.0016 0.0772 0.0003 0.0052 0.0017 0.0043 0.0015 0.1209 0.0259 	13
10:	0.0097 0.0000 0.9312 0.0014 0.0080 0.0032 0.0219 0.0041 0.0128 0.0000 0.0078 	13
