1 1 (0) 1 : 0.000 0.000 0.000 0.000 0.657 0.340 0.000 0.000 0.001 0.000 0.001
2 2 (0) 1 : 0.000 0.000 0.000 0.004 0.352 0.477 0.000 0.166 0.000 0.000 0.001
3 3 (0) 1 : 0.000 0.000 0.000 0.000 0.802 0.123 0.001 0.000 0.000 0.001 0.072
4 4 (0) 1 : 0.000 0.000 0.000 0.000 0.600 0.397 0.000 0.000 0.000 0.000 0.002
5 5 (0) 1 : 0.000 0.000 0.000 0.000 0.001 0.687 0.000 0.311 0.000 0.000 0.000
6 6 (0) 1 : 0.090 0.000 0.000 0.000 0.285 0.624 0.000 0.000 0.000 0.001 0.000
7 7 (0) 1 : 0.048 0.000 0.000 0.000 0.564 0.385 0.000 0.000 0.000 0.001 0.001
8 8 (0) 1 : 0.000 0.000 0.001 0.024 0.694 0.187 0.000 0.087 0.001 0.000 0.005
9 9 (0) 1 : 0.000 0.000 0.000 0.000 0.484 0.515 0.000 0.000 0.000 0.000 0.001
10 10 (0) 1 : 0.000 0.000 0.000 0.902 0.097 0.000 0.000 0.000 0.000 0.000 0.000
11 11 (0) 1 : 0.000 0.000 0.000 0.000 0.857 0.012 0.033 0.000 0.018 0.000 0.079
12 12 (0) 1 : 0.000 0.000 0.000 0.128 0.409 0.000 0.000 0.460 0.000 0.000 0.002
13 13 (0) 2 : 1.000 0.000 0.000 0.000 0.000 0.000 0.000 0.000 0.000 0.000 0.000
14 14 (0) 2 : 1.000 0.000 0.000 0.000 0.000 0.000 0.000 0.000 0.000 0.000 0.000
15 15 (0) 2 : 1.000 0.000 0.000 0.000 0.000 0.000 0.000 0.000 0.000 0.000 0.000
16 16 (0) 3 : 0.000 0.000 0.855 0.000 0.003 0.000 0.085 0.000 0.057 0.000 0.000
17 17 (0) 3 : 0.000 0.000 0.999 0.000 0.000 0.000 0.000 0.000 0.000 0.000 0.000
18 18 (0) 3 : 0.000 0.000 0.914 0.000 0.007 0.000 0.077 0.000 0.001 0.000 0.001
19 19 (0) 3 : 0.026 0.000 0.584 0.075 0.000 0.000 0.000 0.314 0.000 0.000 0.000
20 20 (0) 3 : 0.033 0.000 0.366 0.085 0.000 0.000 0.000 0.516 0.000 0.000 0.000
21 21 (0) 3 : 0.000 0.000 0.878 0.000 0.088 0.000 0.021 0.000 0.002 0.000 0.011
22 22 (0) 3 : 0.000 0.000 0.687 0.000 0.000 0.000 0.000 0.312 0.000 0.000 0.000
23 23 (0) 3 : 0.000 0.000 0.758 0.000 0.136 0.000 0.101 0.000 0.004 0.000 0.000
24 24 (0) 3 : 0.000 0.000 0.856 0.000 0.021 0.000 0.095 0.000 0.010 0.000 0.018
25 25 (0) 3 : 0.000 0.000 0.892 0.029 0.002 0.000 0.008 0.067 0.002 0.000 0.000
26 26 (0) 3 : 0.000 0.000 0.995 0.000 0.002 0.000 0.000 0.000 0.001 0.000 0.001
27 27 (0) 3 : 0.000 0.000 0.998 0.000 0.001 0.000 0.000 0.000 0.000 0.000 0.001
28 28 (0) 4 : 0.000 0.000 0.000 0.000 0.999 0.000 0.000 0.000 0.000 0.000 0.001
29 29 (0) 4 : 0.000 0.000 0.000 0.000 0.999 0.000 0.000 0.000 0.000 0.000 0.001
30 30 (0) 4 : 0.000 0.000 0.000 0.000 0.998 0.000 0.001 0.000 0.000 0.000 0.001
31 31 (0) 4 : 0.000 0.000 0.000 0.000 0.956 0.000 0.001 0.040 0.001 0.000 0.000
32 32 (0) 4 : 0.001 0.000 0.000 0.000 0.942 0.001 0.000 0.024 0.000 0.032 0.001
33 33 (0) 4 : 0.000 0.000 0.000 0.000 0.999 0.000 0.000 0.000 0.000 0.000 0.000
34 34 (0) 4 : 0.000 0.000 0.000 0.000 0.999 0.000 0.000 0.000 0.000 0.000 0.000
35 35 (0) 5 : 0.000 0.000 0.000 0.000 0.002 0.000 0.000 0.000 0.000 0.000 0.997
36 36 (0) 5 : 0.000 0.000 0.000 0.000 0.002 0.000 0.000 0.000 0.000 0.000 0.997
37 37 (0) 5 : 0.000 0.000 0.000 0.000 0.001 0.000 0.000 0.000 0.000 0.000 0.998
38 38 (0) 5 : 0.000 0.000 0.000 0.000 0.001 0.000 0.000 0.000 0.000 0.000 0.998
39 39 (0) 5 : 0.000 0.000 0.000 0.000 0.000 0.000 0.000 0.000 0.000 0.000 0.999
40 40 (0) 5 : 0.000 0.000 0.000 0.008 0.000 0.000 0.000 0.324 0.000 0.000 0.668
41 41 (0) 5 : 0.000 0.000 0.000 0.000 0.001 0.000 0.000 0.000 0.000 0.000 0.998
42 42 (0) 5 : 0.000 0.000 0.000 0.001 0.000 0.000 0.000 0.068 0.000 0.031 0.899
43 43 (0) 5 : 0.000 0.000 0.000 0.000 0.028 0.000 0.000 0.000 0.000 0.000 0.971
44 44 (0) 5 : 0.000 0.000 0.000 0.000 0.000 0.000 0.000 0.000 0.000 0.000 0.999
45 45 (0) 5 : 0.000 0.000 0.000 0.000 0.005 0.000 0.000 0.000 0.000 0.000 0.994
46 46 (0) 5 : 0.000 0.000 0.000 0.000 0.001 0.000 0.000 0.000 0.000 0.000 0.999
47 47 (0) 5 : 0.000 0.000 0.000 0.000 0.001 0.000 0.000 0.000 0.000 0.000 0.999
48 48 (0) 6 : 0.000 0.002 0.005 0.000 0.983 0.000 0.004 0.000 0.006 0.000 0.000
49 49 (0) 6 : 0.000 0.000 0.000 0.000 0.996 0.000 0.000 0.000 0.000 0.000 0.002
50 50 (0) 6 : 0.000 0.000 0.000 0.000 0.963 0.000 0.026 0.000 0.006 0.000 0.005
51 51 (0) 6 : 0.000 0.009 0.000 0.000 0.989 0.000 0.000 0.000 0.000 0.000 0.000
52 52 (0) 6 : 0.000 0.000 0.000 0.000 0.992 0.000 0.005 0.000 0.002 0.000 0.001
53 53 (0) 6 : 0.000 0.000 0.009 0.000 0.989 0.000 0.000 0.000 0.001 0.000 0.000
54 54 (0) 6 : 0.000 0.000 0.000 0.000 0.991 0.000 0.000 0.000 0.007 0.000 0.002
55 55 (0) 6 : 0.000 0.000 0.000 0.000 0.991 0.000 0.000 0.000 0.008 0.000 0.000
56 56 (0) 6 : 0.000 0.000 0.000 0.000 0.867 0.000 0.000 0.000 0.131 0.000 0.001
57 57 (0) 6 : 0.000 0.000 0.000 0.000 0.995 0.000 0.000 0.000 0.000 0.000 0.003
58 58 (0) 6 : 0.000 0.785 0.002 0.000 0.111 0.000 0.099 0.000 0.001 0.000 0.002
59 59 (0) 7 : 0.000 0.992 0.001 0.000 0.003 0.000 0.002 0.000 0.000 0.000 0.001
60 60 (0) 7 : 0.000 0.995 0.001 0.000 0.002 0.000 0.001 0.000 0.000 0.000 0.000
61 61 (0) 7 : 0.000 0.984 0.000 0.000 0.006 0.000 0.008 0.000 0.001 0.000 0.001
62 62 (0) 7 : 0.000 0.981 0.000 0.000 0.000 0.000 0.017 0.000 0.000 0.000 0.000
63 63 (0) 7 : 0.000 0.984 0.000 0.000 0.002 0.000 0.002 0.000 0.001 0.000 0.011
64 64 (0) 7 : 0.000 0.996 0.000 0.000 0.001 0.000 0.000 0.000 0.001 0.000 0.001
65 65 (0) 7 : 0.000 0.966 0.000 0.000 0.026 0.000 0.007 0.000 0.001 0.000 0.000
66 66 (0) 8 : 0.000 0.000 0.005 0.000 0.129 0.000 0.000 0.000 0.829 0.000 0.037
67 67 (0) 8 : 0.000 0.000 0.000 0.000 0.001 0.000 0.000 0.000 0.998 0.000 0.001
68 68 (0) 8 : 0.000 0.000 0.000 0.000 0.002 0.000 0.001 0.000 0.995 0.000 0.000
69 69 (0) 8 : 0.000 0.000 0.000 0.000 0.003 0.000 0.000 0.000 0.997 0.000 0.000
70 70 (0) 8 : 0.000 0.000 0.000 0.000 0.064 0.000 0.000 0.000 0.936 0.000 0.000
71 71 (0) 8 : 0.000 0.000 0.000 0.000 0.126 0.000 0.000 0.000 0.870 0.000 0.004
72 72 (0) 8 : 0.000 0.000 0.001 0.000 0.003 0.000 0.002 0.000 0.993 0.000 0.001
73 73 (0) 8 : 0.000 0.000 0.000 0.008 0.006 0.000 0.000 0.113 0.873 0.000 0.000
74 74 (0) 8 : 0.000 0.000 0.002 0.000 0.005 0.000 0.000 0.043 0.948 0.000 0.000
75 75 (0) 8 : 0.000 0.000 0.001 0.000 0.087 0.000 0.000 0.000 0.910 0.000 0.001
76 76 (0) 8 : 0.000 0.000 0.003 0.000 0.139 0.000 0.002 0.000 0.853 0.000 0.004
77 77 (0) 8 : 0.000 0.000 0.000 0.000 0.031 0.000 0.001 0.000 0.963 0.000 0.005
78 78 (0) 9 : 0.000 0.000 0.000 0.000 0.716 0.000 0.001 0.000 0.001 0.176 0.106
79 79 (0) 9 : 0.000 0.000 0.000 0.000 0.819 0.000 0.001 0.000 0.001 0.086 0.093
80 80 (0) 9 : 0.000 0.000 0.000 0.000 0.809 0.000 0.000 0.000 0.000 0.113 0.077
81 81 (0) 9 : 0.000 0.000 0.000 0.000 0.653 0.000 0.000 0.000 0.000 0.279 0.067
82 82 (0) 9 : 0.000 0.000 0.000 0.000 0.737 0.000 0.000 0.000 0.019 0.164 0.079
83 83 (0) 9 : 0.000 0.000 0.000 0.000 0.759 0.000 0.001 0.000 0.044 0.078 0.118
84 84 (0) 9 : 0.000 0.000 0.000 0.000 0.848 0.000 0.028 0.000 0.002 0.112 0.010
85 85 (0) 9 : 0.000 0.002 0.000 0.000 0.839 0.000 0.000 0.000 0.001 0.050 0.106
86 86 (0) 9 : 0.001 0.000 0.000 0.000 0.673 0.000 0.000 0.000 0.000 0.324 0.001
87 87 (0) 9 : 0.000 0.000 0.000 0.000 0.765 0.000 0.000 0.000 0.000 0.076 0.159
88 88 (0) 9 : 0.000 0.000 0.000 0.000 0.818 0.000 0.000 0.000 0.004 0.068 0.110
89 89 (0) 9 : 0.002 0.000 0.000 0.000 0.648 0.000 0.000 0.000 0.000 0.319 0.031
90 90 (0) 9 : 0.000 0.000 0.000 0.000 0.777 0.000 0.000 0.000 0.000 0.186 0.036
91 91 (0) 10 : 0.000 0.027 0.105 0.000 0.002 0.000 0.863 0.000 0.001 0.000 0.001
92 92 (0) 10 : 0.000 0.002 0.006 0.000 0.029 0.000 0.928 0.000 0.033 0.000 0.001
93 93 (0) 10 : 0.000 0.000 0.000 0.000 0.001 0.000 0.997 0.000 0.000 0.000 0.001
94 94 (0) 10 : 0.000 0.000 0.003 0.000 0.000 0.000 0.994 0.000 0.000 0.000 0.002
95 95 (0) 10 : 0.000 0.000 0.000 0.000 0.001 0.000 0.998 0.000 0.000 0.000 0.000
96 96 (0) 10 : 0.000 0.011 0.000 0.000 0.005 0.000 0.980 0.000 0.001 0.000 0.002
97 97 (0) 10 : 0.000 0.039 0.083 0.000 0.071 0.000 0.804 0.000 0.000 0.000 0.001
98 98 (0) 10 : 0.000 0.000 0.000 0.000 0.002 0.000 0.994 0.000 0.000 0.000 0.003
99 99 (0) 10 : 0.000 0.000 0.001 0.033 0.000 0.000 0.794 0.171 0.000 0.000 0.000
100 100 (0) 10 : 0.000 0.001 0.000 0.000 0.006 0.000 0.989 0.000 0.001 0.000 0.003
101 101 (0) 10 : 0.000 0.001 0.000 0.027 0.000 0.000 0.799 0.172 0.000 0.000 0.000
102 102 (0) 10 : 0.000 0.001 0.001 0.000 0.007 0.000 0.984 0.000 0.006 0.000 0.001
103 103 (0) 10 : 0.000 0.000 0.007 0.000 0.000 0.000 0.991 0.000 0.001 0.000 0.000
1 1 (0) 1 : 0.000 0.002 0.002 0.000 0.001 0.005 0.257 0.000 0.000 0.000 0.732
2 2 (0) 1 : 0.000 0.000 0.000 0.000 0.001 0.000 0.580 0.000 0.000 0.000 0.418
3 3 (0) 1 : 0.000 0.000 0.008 0.000 0.076 0.012 0.066 0.000 0.002 0.000 0.836
4 4 (0) 1 : 0.000 0.000 0.000 0.000 0.005 0.000 0.305 0.000 0.000 0.000 0.689
5 5 (0) 1 : 0.000 0.000 0.000 0.000 0.000 0.000 0.962 0.000 0.000 0.000 0.037
6 6 (0) 1 : 0.000 0.000 0.631 0.000 0.000 0.000 0.000 0.000 0.000 0.000 0.368
7 7 (0) 1 : 0.000 0.001 0.375 0.000 0.002 0.000 0.000 0.000 0.001 0.000 0.620
8 8 (0) 1 : 0.006 0.002 0.028 0.000 0.005 0.000 0.250 0.000 0.000 0.000 0.709
9 9 (0) 1 : 0.000 0.000 0.168 0.000 0.001 0.000 0.254 0.000 0.000 0.000 0.576
10 10 (0) 1 : 0.782 0.000 0.105 0.000 0.000 0.000 0.000 0.000 0.000 0.000 0.112
11 11 (0) 1 : 0.000 0.039 0.002 0.000 0.073 0.000 0.000 0.000 0.028 0.000 0.857
12 12 (0) 1 : 0.448 0.000 0.003 0.000 0.002 0.000 0.189 0.000 0.000 0.000 0.357
13 13 (0) 2 : 0.000 0.000 0.000 0.000 0.000 0.000 0.000 1.000 0.000 0.000 0.000
14 14 (0) 2 : 0.000 0.000 0.000 0.000 0.000 0.000 0.000 1.000 0.000 0.000 0.000
15 15 (0) 2 : 0.000 0.000 0.000 0.000 0.000 0.000 0.000 1.000 0.000 0.000 0.000
16 16 (0) 3 : 0.000 0.062 0.000 0.853 0.001 0.000 0.000 0.000 0.084 0.000 0.000
17 17 (0) 3 : 0.000 0.000 0.000 0.998 0.000 0.000 0.000 0.000 0.000 0.000 0.001
18 18 (0) 3 : 0.000 0.001 0.000 0.912 0.001 0.000 0.000 0.000 0.082 0.000 0.003
19 19 (0) 3 : 0.351 0.000 0.002 0.566 0.000 0.000 0.079 0.001 0.000 0.000 0.000
20 20 (0) 3 : 0.631 0.000 0.000 0.369 0.000 0.000 0.000 0.000 0.000 0.000 0.000
21 21 (0) 3 : 0.000 0.002 0.000 0.872 0.006 0.000 0.000 0.000 0.025 0.000 0.094
22 22 (0) 3 : 0.307 0.000 0.000 0.693 0.000 0.000 0.000 0.000 0.000 0.000 0.000
23 23 (0) 3 : 0.000 0.006 0.000 0.760 0.000 0.000 0.000 0.000 0.104 0.000 0.129
24 24 (0) 3 : 0.000 0.013 0.000 0.858 0.008 0.000 0.000 0.000 0.093 0.000 0.029
25 25 (0) 3 : 0.096 0.001 0.000 0.893 0.000 0.000 0.000 0.000 0.007 0.000 0.001
26 26 (0) 3 : 0.000 0.001 0.000 0.995 0.002 0.000 0.000 0.000 0.000 0.000 0.001
27 27 (0) 3 : 0.000 0.000 0.000 0.997 0.000 0.000 0.000 0.000 0.000 0.000 0.001
28 28 (0) 4 : 0.000 0.000 0.001 0.000 0.001 0.000 0.000 0.000 0.000 0.000 0.997
29 29 (0) 4 : 0.000 0.000 0.000 0.000 0.000 0.000 0.000 0.000 0.000 0.000 0.999
30 30 (0) 4 : 0.000 0.000 0.000 0.000 0.000 0.000 0.000 0.000 0.000 0.000 0.999
31 31 (0) 4 : 0.000 0.001 0.000 0.000 0.000 0.000 0.055 0.000 0.001 0.000 0.942
32 32 (0) 4 : 0.000 0.000 0.000 0.000 0.001 0.024 0.039 0.001 0.000 0.000 0.935
33 33 (0) 4 : 0.000 0.000 0.000 0.000 0.001 0.000 0.000 0.000 0.000 0.000 0.999
34 34 (0) 4 : 0.000 0.000 0.000 0.000 0.000 0.000 0.000 0.000 0.000 0.000 0.999
35 35 (0) 5 : 0.000 0.000 0.000 0.000 0.998 0.000 0.000 0.000 0.000 0.000 0.002
36 36 (0) 5 : 0.000 0.000 0.000 0.000 0.995 0.000 0.000 0.000 0.000 0.000 0.004
37 37 (0) 5 : 0.000 0.000 0.000 0.000 0.998 0.000 0.000 0.000 0.000 0.000 0.001
38 38 (0) 5 : 0.000 0.000 0.000 0.000 0.998 0.000 0.000 0.000 0.000 0.000 0.001
39 39 (0) 5 : 0.000 0.000 0.000 0.000 0.999 0.000 0.000 0.000 0.000 0.000 0.000
40 40 (0) 5 : 0.192 0.000 0.000 0.000 0.628 0.000 0.179 0.000 0.000 0.000 0.000
41 41 (0) 5 : 0.000 0.000 0.000 0.000 0.999 0.000 0.000 0.000 0.000 0.000 0.001
42 42 (0) 5 : 0.085 0.000 0.000 0.000 0.910 0.005 0.000 0.000 0.000 0.000 0.000
43 43 (0) 5 : 0.000 0.000 0.000 0.000 0.970 0.000 0.000 0.000 0.000 0.000 0.029
44 44 (0) 5 : 0.000 0.000 0.000 0.000 0.999 0.000 0.000 0.000 0.000 0.000 0.000
45 45 (0) 5 : 0.000 0.000 0.000 0.000 0.993 0.000 0.000 0.000 0.000 0.000 0.006
46 46 (0) 5 : 0.000 0.000 0.000 0.000 0.999 0.000 0.000 0.000 0.000 0.000 0.000
47 47 (0) 5 : 0.000 0.000 0.000 0.000 0.999 0.000 0.000 0.000 0.000 0.000 0.001
48 48 (0) 6 : 0.000 0.005 0.000 0.005 0.000 0.000 0.000 0.000 0.004 0.002 0.985
49 49 (0) 6 : 0.000 0.000 0.000 0.000 0.004 0.000 0.000 0.000 0.000 0.000 0.995
50 50 (0) 6 : 0.000 0.012 0.000 0.001 0.005 0.000 0.000 0.000 0.022 0.000 0.960
51 51 (0) 6 : 0.000 0.000 0.000 0.000 0.001 0.000 0.000 0.000 0.000 0.007 0.991
52 52 (0) 6 : 0.000 0.001 0.000 0.000 0.001 0.000 0.000 0.000 0.004 0.000 0.994
53 53 (0) 6 : 0.000 0.001 0.000 0.006 0.000 0.000 0.000 0.000 0.000 0.000 0.991
54 54 (0) 6 : 0.000 0.004 0.000 0.000 0.002 0.000 0.000 0.000 0.000 0.000 0.994
55 55 (0) 6 : 0.000 0.006 0.000 0.000 0.001 0.000 0.000 0.000 0.000 0.000 0.992
56 56 (0) 6 : 0.000 0.125 0.004 0.000 0.001 0.000 0.000 0.000 0.000 0.000 0.869
57 57 (0) 6 : 0.000 0.000 0.000 0.000 0.003 0.000 0.000 0.000 0.000 0.000 0.996
58 58 (0) 6 : 0.000 0.001 0.000 0.001 0.002 0.000 0.000 0.000 0.098 0.786 0.112
59 59 (0) 7 : 0.000 0.000 0.000 0.001 0.001 0.000 0.000 0.000 0.001 0.995 0.002
60 60 (0) 7 : 0.000 0.000 0.000 0.001 0.000 0.000 0.000 0.000 0.002 0.994 0.001
61 61 (0) 7 : 0.000 0.001 0.000 0.000 0.001 0.000 0.000 0.000 0.006 0.987 0.005
62 62 (0) 7 : 0.000 0.000 0.000 0.000 0.000 0.000 0.000 0.000 0.016 0.983 0.000
63 63 (0) 7 : 0.000 0.001 0.000 0.000 0.014 0.000 0.000 0.000 0.003 0.978 0.004
64 64 (0) 7 : 0.000 0.001 0.000 0.000 0.000 0.000 0.000 0.000 0.001 0.997 0.001
65 65 (0) 7 : 0.000 0.001 0.000 0.000 0.000 0.000 0.000 0.000 0.005 0.960 0.033
66 66 (0) 8 : 0.000 0.821 0.000 0.005 0.035 0.000 0.000 0.000 0.000 0.000 0.138
67 67 (0) 8 : 0.000 0.997 0.000 0.000 0.001 0.000 0.000 0.000 0.000 0.000 0.001
68 68 (0) 8 : 0.000 0.995 0.000 0.000 0.000 0.000 0.000 0.000 0.001 0.000 0.003
69 69 (0) 8 : 0.000 0.993 0.000 0.000 0.000 0.000 0.000 0.000 0.000 0.000 0.007
70 70 (0) 8 : 0.000 0.922 0.000 0.000 0.000 0.000 0.000 0.000 0.000 0.000 0.077
71 71 (0) 8 : 0.000 0.863 0.000 0.000 0.008 0.000 0.000 0.000 0.000 0.000 0.129
72 72 (0) 8 : 0.000 0.990 0.000 0.001 0.002 0.000 0.000 0.000 0.002 0.000 0.005
73 73 (0) 8 : 0.053 0.841 0.000 0.000 0.000 0.000 0.105 0.000 0.000 0.000 0.001
74 74 (0) 8 : 0.045 0.942 0.000 0.002 0.001 0.000 0.000 0.000 0.000 0.000 0.010
75 75 (0) 8 : 0.000 0.904 0.000 0.002 0.001 0.000 0.000 0.000 0.001 0.000 0.092
76 76 (0) 8 : 0.000 0.847 0.000 0.002 0.002 0.000 0.000 0.000 0.001 0.000 0.147
77 77 (0) 8 : 0.000 0.952 0.000 0.000 0.003 0.000 0.000 0.000 0.001 0.000 0.043
78 78 (0) 9 : 0.000 0.001 0.000 0.000 0.106 0.197 0.000 0.000 0.000 0.000 0.696
79 79 (0) 9 : 0.000 0.001 0.000 0.000 0.093 0.098 0.000 0.000 0.001 0.000 0.807
80 80 (0) 9 : 0.000 0.000 0.000 0.000 0.082 0.127 0.000 0.000 0.000 0.000 0.791
81 81 (0) 9 : 0.000 0.001 0.000 0.000 0.077 0.300 0.000 0.000 0.000 0.000 0.623
82 82 (0) 9 : 0.000 0.023 0.000 0.000 0.074 0.176 0.000 0.000 0.000 0.000 0.726
83 83 (0) 9 : 0.000 0.029 0.000 0.000 0.122 0.093 0.000 0.000 0.001 0.000 0.754
84 84 (0) 9 : 0.000 0.002 0.000 0.000 0.010 0.132 0.000 0.000 0.012 0.000 0.843
85 85 (0) 9 : 0.000 0.001 0.000 0.000 0.107 0.061 0.000 0.000 0.000 0.002 0.828
86 86 (0) 9 : 0.001 0.001 0.000 0.000 0.004 0.215 0.099 0.004 0.000 0.000 0.676
87 87 (0) 9 : 0.000 0.000 0.000 0.000 0.156 0.085 0.000 0.000 0.000 0.000 0.758
88 88 (0) 9 : 0.000 0.003 0.000 0.000 0.109 0.076 0.000 0.000 0.000 0.000 0.811
89 89 (0) 9 : 0.000 0.000 0.096 0.000 0.072 0.223 0.000 0.000 0.000 0.000 0.609
90 90 (0) 9 : 0.000 0.000 0.000 0.000 0.035 0.199 0.000 0.000 0.000 0.000 0.765
91 91 (0) 10 : 0.000 0.002 0.000 0.104 0.001 0.000 0.000 0.000 0.862 0.027 0.004
92 92 (0) 10 : 0.000 0.031 0.000 0.008 0.001 0.000 0.000 0.000 0.928 0.001 0.031
93 93 (0) 10 : 0.000 0.000 0.000 0.000 0.002 0.000 0.000 0.000 0.997 0.000 0.001
94 94 (0) 10 : 0.000 0.000 0.000 0.002 0.002 0.000 0.000 0.000 0.995 0.000 0.000
95 95 (0) 10 : 0.000 0.000 0.000 0.000 0.000 0.000 0.000 0.000 0.997 0.001 0.001
96 96 (0) 10 : 0.000 0.002 0.000 0.001 0.003 0.000 0.000 0.000 0.978 0.012 0.004
97 97 (0) 10 : 0.000 0.000 0.000 0.084 0.003 0.000 0.000 0.000 0.811 0.038 0.063
98 98 (0) 10 : 0.000 0.000 0.000 0.000 0.004 0.000 0.000 0.000 0.994 0.000 0.001
99 99 (0) 10 : 0.163 0.000 0.000 0.001 0.000 0.000 0.066 0.000 0.770 0.000 0.000
100 100 (0) 10 : 0.000 0.001 0.000 0.000 0.002 0.000 0.000 0.000 0.985 0.001 0.010
101 101 (0) 10 : 0.169 0.000 0.000 0.000 0.000 0.000 0.045 0.000 0.784 0.001 0.000
102 102 (0) 10 : 0.000 0.008 0.000 0.001 0.000 0.000 0.000 0.000 0.986 0.001 0.004
103 103 (0) 10 : 0.000 0.000 0.000 0.007 0.000 0.000 0.000 0.000 0.991 0.000 0.001
1 1 (0) 1 : 0.000 0.000 0.767 0.000 0.222 0.000 0.001 0.001 0.000 0.005 0.003
2 2 (0) 1 : 0.000 0.000 0.492 0.000 0.506 0.000 0.000 0.000 0.000 0.000 0.000
3 3 (0) 1 : 0.000 0.000 0.870 0.000 0.055 0.000 0.001 0.062 0.001 0.010 0.000
4 4 (0) 1 : 0.000 0.000 0.733 0.001 0.263 0.000 0.000 0.002 0.000 0.000 0.000
5 5 (0) 1 : 0.000 0.000 0.157 0.000 0.843 0.000 0.000 0.000 0.000 0.000 0.000
6 6 (0) 1 : 0.000 0.000 0.390 0.000 0.000 0.000 0.000 0.000 0.000 0.609 0.000
7 7 (0) 1 : 0.000 0.000 0.633 0.000 0.000 0.000 0.000 0.001 0.000 0.365 0.001
8 8 (0) 1 : 0.000 0.000 0.738 0.002 0.221 0.000 0.000 0.005 0.000 0.030 0.003
9 9 (0) 1 : 0.000 0.000 0.624 0.000 0.211 0.000 0.000 0.001 0.000 0.163 0.000
10 10 (0) 1 : 0.000 0.632 0.084 0.000 0.188 0.000 0.000 0.000 0.000 0.095 0.000
11 11 (0) 1 : 0.000 0.000 0.896 0.000 0.000 0.000 0.000 0.066 0.013 0.008 0.016
12 12 (0) 1 : 0.000 0.441 0.362 0.000 0.186 0.000 0.000 0.001 0.000 0.010 0.000
13 13 (0) 2 : 0.000 0.000 0.000 0.000 0.000 1.000 0.000 0.000 0.000 0.000 0.000
14 14 (0) 2 : 0.000 0.000 0.000 0.000 0.000 1.000 0.000 0.000 0.000 0.000 0.000
15 15 (0) 2 : 0.000 0.000 0.000 0.000 0.000 1.000 0.000 0.000 0.000 0.000 0.000
16 16 (0) 3 : 0.000 0.000 0.000 0.000 0.000 0.000 0.000 0.000 0.900 0.018 0.081
17 17 (0) 3 : 0.000 0.042 0.000 0.000 0.000 0.000 0.000 0.000 0.956 0.000 0.001
18 18 (0) 3 : 0.000 0.037 0.003 0.000 0.000 0.000 0.000 0.001 0.941 0.000 0.018
19 19 (0) 3 : 0.000 0.426 0.000 0.000 0.084 0.000 0.000 0.000 0.485 0.004 0.000
20 20 (0) 3 : 0.000 0.773 0.000 0.000 0.000 0.000 0.000 0.000 0.227 0.000 0.000
21 21 (0) 3 : 0.000 0.000 0.023 0.000 0.000 0.000 0.000 0.005 0.926 0.000 0.046
22 22 (0) 3 : 0.000 0.386 0.000 0.000 0.000 0.000 0.000 0.000 0.613 0.000 0.001
23 23 (0) 3 : 0.000 0.000 0.053 0.000 0.000 0.000 0.000 0.000 0.897 0.000 0.050
24 24 (0) 3 : 0.000 0.000 0.002 0.000 0.000 0.000 0.000 0.005 0.908 0.000 0.085
25 25 (0) 3 : 0.000 0.135 0.000 0.000 0.011 0.000 0.000 0.000 0.853 0.000 0.001
26 26 (0) 3 : 0.000 0.000 0.001 0.000 0.000 0.000 0.000 0.007 0.990 0.000 0.002
27 27 (0) 3 : 0.000 0.065 0.001 0.000 0.000 0.000 0.000 0.001 0.932 0.000 0.001
28 28 (0) 4 : 0.000 0.000 0.728 0.271 0.000 0.000 0.000 0.001 0.000 0.000 0.000
29 29 (0) 4 : 0.000 0.000 0.769 0.230 0.000 0.000 0.000 0.000 0.000 0.000 0.000
30 30 (0) 4 : 0.000 0.000 0.760 0.239 0.000 0.000 0.000 0.000 0.000 0.000 0.000
31 31 (0) 4 : 0.000 0.000 0.695 0.303 0.000 0.000 0.000 0.000 0.000 0.000 0.000
32 32 (0) 4 : 0.000 0.000 0.620 0.378 0.000 0.000 0.000 0.001 0.000 0.000 0.000
33 33 (0) 4 : 0.000 0.000 0.745 0.254 0.000 0.000 0.000 0.001 0.000 0.000 0.000
34 34 (0) 4 : 0.000 0.000 0.741 0.258 0.000 0.000 0.000 0.000 0.000 0.000 0.000
35 35 (0) 5 : 0.000 0.000 0.003 0.000 0.000 0.000 0.000 0.996 0.000 0.000 0.000
36 36 (0) 5 : 0.000 0.000 0.004 0.000 0.000 0.000 0.000 0.996 0.000 0.000 0.000
37 37 (0) 5 : 0.000 0.000 0.001 0.000 0.000 0.000 0.000 0.998 0.000 0.000 0.000
38 38 (0) 5 : 0.000 0.000 0.001 0.000 0.000 0.000 0.000 0.998 0.000 0.000 0.000
39 39 (0) 5 : 0.000 0.000 0.000 0.000 0.000 0.000 0.000 0.999 0.000 0.000 0.000
40 40 (0) 5 : 0.000 0.185 0.000 0.000 0.177 0.000 0.000 0.638 0.000 0.000 0.000
41 41 (0) 5 : 0.000 0.000 0.002 0.000 0.000 0.000 0.000 0.998 0.000 0.000 0.000
42 42 (0) 5 : 0.000 0.089 0.000 0.000 0.000 0.000 0.001 0.909 0.000 0.000 0.000
43 43 (0) 5 : 0.000 0.000 0.048 0.000 0.000 0.000 0.000 0.952 0.000 0.000 0.000
44 44 (0) 5 : 0.000 0.000 0.000 0.000 0.000 0.000 0.000 0.999 0.000 0.000 0.000
45 45 (0) 5 : 0.000 0.000 0.005 0.000 0.000 0.000 0.000 0.994 0.000 0.000 0.000
46 46 (0) 5 : 0.000 0.000 0.001 0.000 0.000 0.000 0.000 0.999 0.000 0.000 0.000
47 47 (0) 5 : 0.000 0.000 0.001 0.000 0.000 0.000 0.000 0.998 0.000 0.000 0.000
48 48 (0) 6 : 0.004 0.000 0.977 0.000 0.000 0.000 0.000 0.000 0.015 0.000 0.004
49 49 (0) 6 : 0.000 0.000 0.979 0.018 0.000 0.000 0.000 0.002 0.001 0.000 0.000
50 50 (0) 6 : 0.000 0.000 0.961 0.002 0.000 0.000 0.000 0.003 0.030 0.000 0.004
51 51 (0) 6 : 0.009 0.000 0.989 0.000 0.000 0.000 0.000 0.001 0.000 0.000 0.000
52 52 (0) 6 : 0.000 0.000 0.996 0.000 0.000 0.000 0.000 0.000 0.002 0.000 0.001
53 53 (0) 6 : 0.001 0.000 0.989 0.004 0.000 0.000 0.000 0.000 0.005 0.000 0.002
54 54 (0) 6 : 0.000 0.000 0.995 0.001 0.000 0.000 0.000 0.001 0.000 0.000 0.002
55 55 (0) 6 : 0.000 0.000 0.980 0.009 0.000 0.000 0.000 0.001 0.000 0.000 0.009
56 56 (0) 6 : 0.000 0.000 0.880 0.000 0.000 0.000 0.000 0.003 0.000 0.006 0.110
57 57 (0) 6 : 0.000 0.001 0.996 0.000 0.000 0.000 0.000 0.002 0.000 0.000 0.000
58 58 (0) 6 : 0.769 0.000 0.098 0.000 0.000 0.000 0.000 0.001 0.131 0.000 0.000
59 59 (0) 7 : 0.972 0.000 0.007 0.000 0.000 0.000 0.000 0.001 0.020 0.000 0.000
60 60 (0) 7 : 0.973 0.000 0.016 0.000 0.000 0.000 0.000 0.000 0.010 0.000 0.000
61 61 (0) 7 : 0.963 0.000 0.034 0.000 0.000 0.000 0.000 0.000 0.002 0.000 0.001
62 62 (0) 7 : 0.986 0.000 0.002 0.000 0.000 0.000 0.000 0.000 0.010 0.000 0.001
63 63 (0) 7 : 0.962 0.000 0.020 0.000 0.000 0.000 0.000 0.015 0.001 0.000 0.002
64 64 (0) 7 : 0.980 0.000 0.011 0.000 0.000 0.000 0.000 0.002 0.003 0.000 0.004
65 65 (0) 7 : 0.936 0.000 0.058 0.000 0.000 0.000 0.000 0.000 0.005 0.000 0.000
66 66 (0) 8 : 0.000 0.000 0.194 0.000 0.000 0.000 0.000 0.024 0.001 0.000 0.780
67 67 (0) 8 : 0.000 0.000 0.029 0.000 0.000 0.000 0.000 0.001 0.000 0.000 0.970
68 68 (0) 8 : 0.000 0.000 0.033 0.000 0.000 0.000 0.000 0.000 0.004 0.000 0.962
69 69 (0) 8 : 0.000 0.000 0.040 0.000 0.000 0.000 0.000 0.000 0.000 0.000 0.959
70 70 (0) 8 : 0.000 0.000 0.124 0.000 0.000 0.000 0.000 0.000 0.000 0.000 0.876
71 71 (0) 8 : 0.000 0.000 0.154 0.000 0.000 0.000 0.000 0.014 0.000 0.000 0.831
72 72 (0) 8 : 0.000 0.000 0.062 0.000 0.000 0.000 0.000 0.001 0.003 0.000 0.934
73 73 (0) 8 : 0.000 0.049 0.040 0.000 0.096 0.000 0.000 0.000 0.000 0.000 0.814
74 74 (0) 8 : 0.000 0.047 0.063 0.000 0.000 0.000 0.000 0.000 0.000 0.000 0.889
75 75 (0) 8 : 0.000 0.000 0.133 0.000 0.000 0.000 0.000 0.001 0.001 0.000 0.866
76 76 (0) 8 : 0.000 0.000 0.189 0.000 0.000 0.000 0.000 0.001 0.004 0.000 0.805
77 77 (0) 8 : 0.000 0.000 0.081 0.000 0.000 0.000 0.000 0.001 0.001 0.000 0.917
78 78 (0) 9 : 0.000 0.000 0.762 0.000 0.000 0.000 0.149 0.088 0.000 0.000 0.001
79 79 (0) 9 : 0.000 0.000 0.858 0.000 0.000 0.000 0.063 0.077 0.001 0.000 0.001
80 80 (0) 9 : 0.000 0.000 0.847 0.000 0.000 0.000 0.088 0.065 0.000 0.000 0.000
81 81 (0) 9 : 0.000 0.000 0.741 0.000 0.000 0.000 0.234 0.024 0.000 0.000 0.000
82 82 (0) 9 : 0.000 0.000 0.748 0.004 0.000 0.000 0.142 0.080 0.000 0.000 0.025
83 83 (0) 9 : 0.000 0.000 0.818 0.000 0.000 0.000 0.061 0.106 0.001 0.000 0.013
84 84 (0) 9 : 0.000 0.000 0.886 0.000 0.000 0.000 0.099 0.005 0.007 0.000 0.002
85 85 (0) 9 : 0.010 0.000 0.865 0.000 0.000 0.000 0.036 0.086 0.001 0.000 0.001
86 86 (0) 9 : 0.000 0.000 0.714 0.000 0.000 0.001 0.282 0.002 0.000 0.000 0.000
87 87 (0) 9 : 0.000 0.000 0.806 0.000 0.000 0.000 0.059 0.134 0.000 0.000 0.000
88 88 (0) 9 : 0.000 0.000 0.851 0.000 0.000 0.000 0.054 0.093 0.001 0.000 0.001
89 89 (0) 9 : 0.000 0.000 0.684 0.000 0.000 0.000 0.165 0.050 0.000 0.100 0.000
90 90 (0) 9 : 0.000 0.000 0.834 0.000 0.000 0.000 0.153 0.012 0.000 0.000 0.000
91 91 (0) 10 : 0.038 0.000 0.003 0.000 0.000 0.000 0.001 0.003 0.954 0.000 0.001
92 92 (0) 10 : 0.002 0.000 0.042 0.000 0.000 0.000 0.000 0.001 0.936 0.000 0.019
93 93 (0) 10 : 0.000 0.000 0.001 0.000 0.000 0.000 0.000 0.001 0.997 0.000 0.000
94 94 (0) 10 : 0.000 0.000 0.000 0.000 0.000 0.000 0.000 0.001 0.998 0.000 0.000
95 95 (0) 10 : 0.010 0.000 0.001 0.000 0.000 0.000 0.000 0.000 0.988 0.000 0.000
96 96 (0) 10 : 0.033 0.000 0.001 0.000 0.000 0.000 0.000 0.002 0.962 0.000 0.002
97 97 (0) 10 : 0.058 0.000 0.077 0.000 0.000 0.000 0.005 0.003 0.855 0.000 0.000
98 98 (0) 10 : 0.000 0.000 0.003 0.000 0.000 0.000 0.000 0.004 0.991 0.000 0.000
99 99 (0) 10 : 0.002 0.154 0.000 0.003 0.086 0.000 0.000 0.000 0.753 0.000 0.000
100 100 (0) 10 : 0.031 0.000 0.036 0.000 0.000 0.000 0.000 0.001 0.931 0.000 0.000
101 101 (0) 10 : 0.004 0.152 0.000 0.000 0.068 0.000 0.000 0.000 0.775 0.000 0.000
102 102 (0) 10 : 0.025 0.000 0.008 0.000 0.000 0.000 0.000 0.001 0.964 0.000 0.002
103 103 (0) 10 : 0.000 0.000 0.002 0.000 0.000 0.000 0.000 0.000 0.997 0.000 0.000
1 1 (0) 1 : 0.657 0.341 0.000 0.000 0.000 0.000 0.000 0.000 0.000 0.001 0.000
2 2 (0) 1 : 0.352 0.481 0.000 0.000 0.006 0.000 0.000 0.000 0.000 0.001 0.160
3 3 (0) 1 : 0.802 0.122 0.000 0.000 0.000 0.000 0.000 0.002 0.002 0.072 0.000
4 4 (0) 1 : 0.600 0.398 0.000 0.000 0.000 0.000 0.000 0.000 0.000 0.001 0.000
5 5 (0) 1 : 0.002 0.694 0.000 0.000 0.000 0.000 0.000 0.000 0.000 0.000 0.304
6 6 (0) 1 : 0.283 0.624 0.089 0.000 0.000 0.000 0.000 0.000 0.002 0.000 0.000
7 7 (0) 1 : 0.564 0.386 0.049 0.000 0.000 0.000 0.000 0.000 0.000 0.000 0.000
8 8 (0) 1 : 0.693 0.191 0.000 0.000 0.024 0.002 0.000 0.000 0.000 0.005 0.084
9 9 (0) 1 : 0.483 0.515 0.000 0.000 0.000 0.000 0.000 0.000 0.000 0.001 0.000
10 10 (0) 1 : 0.095 0.000 0.000 0.000 0.904 0.000 0.000 0.000 0.000 0.000 0.000
11 11 (0) 1 : 0.854 0.011 0.000 0.000 0.000 0.030 0.000 0.025 0.000 0.079 0.000
12 12 (0) 1 : 0.410 0.000 0.000 0.000 0.129 0.000 0.000 0.000 0.001 0.004 0.456
13 13 (0) 2 : 0.000 0.000 1.000 0.000 0.000 0.000 0.000 0.000 0.000 0.000 0.000
14 14 (0) 2 : 0.000 0.000 1.000 0.000 0.000 0.000 0.000 0.000 0.000 0.000 0.000
15 15 (0) 2 : 0.000 0.000 1.000 0.000 0.000 0.000 0.000 0.000 0.000 0.000 0.000
16 16 (0) 3 : 0.003 0.000 0.000 0.858 0.000 0.054 0.000 0.085 0.000 0.000 0.000
17 17 (0) 3 : 0.000 0.000 0.000 0.999 0.000 0.000 0.000 0.000 0.000 0.000 0.000
18 18 (0) 3 : 0.003 0.000 0.000 0.915 0.000 0.001 0.000 0.079 0.000 0.001 0.000
19 19 (0) 3 : 0.000 0.000 0.025 0.583 0.077 0.000 0.000 0.000 0.009 0.000 0.306
20 20 (0) 3 : 0.000 0.000 0.004 0.372 0.085 0.000 0.000 0.000 0.000 0.000 0.539
21 21 (0) 3 : 0.089 0.000 0.000 0.880 0.000 0.002 0.000 0.021 0.000 0.008 0.000
22 22 (0) 3 : 0.000 0.000 0.000 0.689 0.000 0.000 0.000 0.000 0.000 0.000 0.310
23 23 (0) 3 : 0.132 0.000 0.000 0.761 0.000 0.005 0.000 0.101 0.000 0.000 0.000
24 24 (0) 3 : 0.006 0.000 0.000 0.861 0.000 0.008 0.000 0.098 0.000 0.026 0.000
25 25 (0) 3 : 0.001 0.000 0.000 0.889 0.030 0.002 0.000 0.012 0.000 0.000 0.065
26 26 (0) 3 : 0.001 0.000 0.000 0.996 0.000 0.001 0.000 0.000 0.000 0.002 0.000
27 27 (0) 3 : 0.001 0.000 0.000 0.998 0.000 0.000 0.000 0.000 0.000 0.001 0.000
28 28 (0) 4 : 0.998 0.000 0.000 0.000 0.000 0.000 0.000 0.000 0.000 0.001 0.000
29 29 (0) 4 : 0.999 0.000 0.000 0.000 0.000 0.000 0.000 0.000 0.000 0.000 0.000
30 30 (0) 4 : 0.999 0.000 0.000 0.000 0.000 0.000 0.000 0.000 0.000 0.000 0.000
31 31 (0) 4 : 0.955 0.000 0.000 0.000 0.000 0.002 0.000 0.002 0.000 0.000 0.040
32 32 (0) 4 : 0.943 0.001 0.001 0.000 0.000 0.000 0.000 0.000 0.031 0.001 0.024
33 33 (0) 4 : 0.999 0.000 0.000 0.000 0.000 0.000 0.000 0.000 0.000 0.000 0.000
34 34 (0) 4 : 0.999 0.000 0.000 0.000 0.000 0.000 0.000 0.000 0.000 0.000 0.000
35 35 (0) 5 : 0.002 0.000 0.000 0.000 0.000 0.000 0.000 0.000 0.000 0.998 0.000
36 36 (0) 5 : 0.003 0.000 0.000 0.000 0.000 0.000 0.000 0.000 0.000 0.997 0.000
37 37 (0) 5 : 0.001 0.000 0.000 0.000 0.000 0.000 0.000 0.000 0.000 0.998 0.000
38 38 (0) 5 : 0.001 0.000 0.000 0.000 0.000 0.000 0.000 0.000 0.000 0.998 0.000
39 39 (0) 5 : 0.000 0.000 0.000 0.000 0.000 0.000 0.000 0.000 0.000 0.999 0.000
40 40 (0) 5 : 0.000 0.000 0.000 0.000 0.013 0.000 0.000 0.000 0.000 0.670 0.317
41 41 (0) 5 : 0.001 0.000 0.000 0.000 0.000 0.000 0.000 0.000 0.000 0.999 0.000
42 42 (0) 5 : 0.000 0.000 0.000 0.000 0.000 0.000 0.000 0.000 0.063 0.885 0.051
43 43 (0) 5 : 0.033 0.000 0.000 0.000 0.000 0.000 0.000 0.000 0.000 0.966 0.000
44 44 (0) 5 : 0.000 0.000 0.000 0.000 0.000 0.000 0.000 0.000 0.000 0.999 0.000
45 45 (0) 5 : 0.007 0.000 0.000 0.000 0.000 0.000 0.000 0.000 0.000 0.993 0.000
46 46 (0) 5 : 0.000 0.000 0.000 0.000 0.000 0.000 0.000 0.000 0.000 0.999 0.000
47 47 (0) 5 : 0.001 0.000 0.000 0.000 0.000 0.000 0.000 0.000 0.000 0.998 0.000
48 48 (0) 6 : 0.983 0.000 0.000 0.006 0.000 0.006 0.002 0.003 0.000 0.000 0.000
49 49 (0) 6 : 0.994 0.000 0.000 0.000 0.000 0.000 0.000 0.000 0.000 0.005 0.000
50 50 (0) 6 : 0.960 0.000 0.000 0.000 0.000 0.012 0.000 0.020 0.000 0.007 0.000
51 51 (0) 6 : 0.989 0.000 0.000 0.000 0.000 0.000 0.009 0.000 0.000 0.002 0.000
52 52 (0) 6 : 0.992 0.000 0.000 0.000 0.000 0.003 0.000 0.005 0.000 0.000 0.000
53 53 (0) 6 : 0.990 0.000 0.000 0.008 0.000 0.001 0.000 0.000 0.000 0.000 0.000
54 54 (0) 6 : 0.989 0.000 0.000 0.001 0.000 0.008 0.000 0.000 0.000 0.002 0.000
55 55 (0) 6 : 0.990 0.000 0.000 0.000 0.000 0.008 0.000 0.000 0.000 0.000 0.000
56 56 (0) 6 : 0.866 0.000 0.000 0.000 0.000 0.132 0.000 0.000 0.000 0.001 0.000
57 57 (0) 6 : 0.996 0.000 0.000 0.000 0.000 0.000 0.000 0.000 0.000 0.002 0.000
58 58 (0) 6 : 0.106 0.000 0.000 0.002 0.000 0.001 0.787 0.101 0.000 0.004 0.000
59 59 (0) 7 : 0.003 0.000 0.000 0.002 0.000 0.000 0.992 0.002 0.000 0.000 0.000
60 60 (0) 7 : 0.003 0.000 0.000 0.001 0.000 0.000 0.994 0.002 0.000 0.000 0.000
61 61 (0) 7 : 0.006 0.000 0.000 0.000 0.000 0.001 0.986 0.006 0.000 0.001 0.000
62 62 (0) 7 : 0.000 0.000 0.000 0.000 0.000 0.001 0.985 0.013 0.000 0.000 0.000
63 63 (0) 7 : 0.002 0.000 0.000 0.000 0.000 0.002 0.982 0.003 0.000 0.011 0.000
64 64 (0) 7 : 0.001 0.000 0.000 0.001 0.000 0.002 0.995 0.001 0.000 0.001 0.000
65 65 (0) 7 : 0.032 0.000 0.000 0.000 0.000 0.001 0.962 0.004 0.000 0.000 0.000
66 66 (0) 8 : 0.134 0.000 0.000 0.006 0.000 0.825 0.000 0.000 0.000 0.035 0.000
67 67 (0) 8 : 0.001 0.000 0.000 0.000 0.000 0.998 0.000 0.000 0.000 0.000 0.000
68 68 (0) 8 : 0.003 0.000 0.000 0.000 0.000 0.995 0.000 0.001 0.000 0.000 0.000
69 69 (0) 8 : 0.002 0.000 0.000 0.000 0.000 0.997 0.000 0.000 0.000 0.000 0.000
70 70 (0) 8 : 0.070 0.000 0.000 0.000 0.000 0.929 0.000 0.000 0.000 0.000 0.000
71 71 (0) 8 : 0.125 0.000 0.000 0.000 0.000 0.868 0.000 0.000 0.000 0.007 0.000
72 72 (0) 8 : 0.001 0.000 0.000 0.001 0.000 0.994 0.000 0.002 0.000 0.001 0.000
73 73 (0) 8 : 0.008 0.000 0.000 0.000 0.014 0.870 0.000 0.000 0.000 0.000 0.107
74 74 (0) 8 : 0.004 0.000 0.000 0.003 0.000 0.950 0.000 0.000 0.000 0.000 0.042
75 75 (0) 8 : 0.089 0.000 0.000 0.002 0.000 0.908 0.000 0.000 0.000 0.001 0.000
76 76 (0) 8 : 0.143 0.000 0.000 0.003 0.000 0.850 0.000 0.001 0.000 0.002 0.000
77 77 (0) 8 : 0.041 0.000 0.000 0.000 0.000 0.956 0.000 0.001 0.000 0.002 0.000
78 78 (0) 9 : 0.713 0.000 0.000 0.000 0.000 0.002 0.000 0.000 0.177 0.107 0.000
79 79 (0) 9 : 0.822 0.000 0.000 0.000 0.000 0.002 0.000 0.001 0.087 0.089 0.000
80 80 (0) 9 : 0.806 0.000 0.000 0.000 0.000 0.000 0.000 0.000 0.114 0.080 0.000
81 81 (0) 9 : 0.637 0.000 0.000 0.000 0.000 0.001 0.000 0.000 0.278 0.084 0.000
82 82 (0) 9 : 0.734 0.000 0.000 0.000 0.000 0.030 0.000 0.000 0.164 0.071 0.000
83 83 (0) 9 : 0.756 0.000 0.000 0.000 0.000 0.045 0.000 0.001 0.080 0.118 0.000
84 84 (0) 9 : 0.847 0.000 0.000 0.000 0.000 0.002 0.000 0.025 0.113 0.012 0.000
85 85 (0) 9 : 0.838 0.000 0.000 0.000 0.000 0.001 0.005 0.001 0.050 0.105 0.000
86 86 (0) 9 : 0.694 0.094 0.005 0.000 0.004 0.002 0.000 0.001 0.136 0.015 0.047
87 87 (0) 9 : 0.765 0.000 0.000 0.000 0.000 0.000 0.000 0.000 0.075 0.159 0.000
88 88 (0) 9 : 0.820 0.000 0.000 0.000 0.000 0.003 0.000 0.000 0.068 0.109 0.000
89 89 (0) 9 : 0.646 0.000 0.000 0.000 0.000 0.000 0.000 0.000 0.327 0.026 0.000
90 90 (0) 9 : 0.769 0.000 0.000 0.000 0.000 0.000 0.000 0.000 0.186 0.044 0.000
91 91 (0) 10 : 0.004 0.000 0.000 0.104 0.000 0.001 0.025 0.863 0.000 0.002 0.000
92 92 (0) 10 : 0.028 0.000 0.000 0.004 0.000 0.030 0.001 0.935 0.000 0.002 0.000
93 93 (0) 10 : 0.001 0.000 0.000 0.000 0.000 0.000 0.000 0.997 0.000 0.002 0.000
94 94 (0) 10 : 0.000 0.000 0.000 0.002 0.000 0.000 0.000 0.996 0.000 0.001 0.000
95 95 (0) 10 : 0.001 0.000 0.000 0.000 0.000 0.000 0.001 0.997 0.000 0.000 0.000
96 96 (0) 10 : 0.006 0.000 0.000 0.000 0.000 0.001 0.012 0.978 0.000 0.003 0.000
97 97 (0) 10 : 0.064 0.000 0.000 0.084 0.000 0.001 0.034 0.812 0.000 0.004 0.000
98 98 (0) 10 : 0.001 0.000 0.000 0.000 0.000 0.000 0.000 0.993 0.000 0.005 0.000
99 99 (0) 10 : 0.000 0.000 0.000 0.001 0.033 0.000 0.000 0.795 0.000 0.000 0.170
100 100 (0) 10 : 0.009 0.000 0.000 0.000 0.000 0.001 0.001 0.986 0.000 0.002 0.000
101 101 (0) 10 : 0.000 0.000 0.000 0.000 0.027 0.000 0.001 0.800 0.000 0.000 0.171
102 102 (0) 10 : 0.008 0.000 0.000 0.000 0.000 0.005 0.001 0.984 0.000 0.001 0.000
103 103 (0) 10 : 0.001 0.000 0.000 0.005 0.000 0.001 0.000 0.993 0.000 0.000 0.000
1 1 (0) 1 : 0.000 0.001 0.000 0.000 0.000 0.000 0.001 0.000 0.001 0.656 0.340
2 2 (0) 1 : 0.000 0.000 0.000 0.000 0.000 0.152 0.001 0.000 0.000 0.341 0.505
3 3 (0) 1 : 0.000 0.000 0.001 0.000 0.004 0.000 0.080 0.000 0.000 0.796 0.120
4 4 (0) 1 : 0.000 0.000 0.000 0.000 0.000 0.000 0.001 0.000 0.000 0.600 0.398
5 5 (0) 1 : 0.000 0.000 0.000 0.000 0.000 0.293 0.000 0.000 0.000 0.001 0.706
6 6 (0) 1 : 0.000 0.000 0.000 0.000 0.004 0.000 0.000 0.091 0.000 0.287 0.617
7 7 (0) 1 : 0.000 0.000 0.000 0.000 0.000 0.000 0.001 0.050 0.000 0.564 0.384
8 8 (0) 1 : 0.000 0.001 0.000 0.000 0.000 0.095 0.005 0.000 0.002 0.680 0.217
9 9 (0) 1 : 0.000 0.000 0.000 0.000 0.000 0.000 0.002 0.000 0.000 0.485 0.513
10 10 (0) 1 : 0.000 0.180 0.000 0.000 0.000 0.636 0.000 0.000 0.000 0.057 0.127
11 11 (0) 1 : 0.000 0.000 0.021 0.000 0.000 0.000 0.081 0.000 0.039 0.847 0.011
12 12 (0) 1 : 0.000 0.118 0.000 0.000 0.000 0.500 0.002 0.000 0.000 0.378 0.000
13 13 (0) 2 : 0.000 0.000 0.000 0.000 0.000 0.000 0.000 1.000 0.000 0.000 0.000
14 14 (0) 2 : 0.000 0.000 0.000 0.000 0.000 0.000 0.000 1.000 0.000 0.000 0.000
15 15 (0) 2 : 0.000 0.000 0.000 0.000 0.000 0.000 0.000 1.000 0.000 0.000 0.000
16 16 (0) 3 : 0.000 0.000 0.088 0.861 0.000 0.000 0.001 0.000 0.045 0.005 0.000
17 17 (0) 3 : 0.000 0.000 0.000 0.999 0.000 0.000 0.000 0.000 0.000 0.000 0.000
18 18 (0) 3 : 0.000 0.000 0.082 0.916 0.000 0.000 0.000 0.000 0.000 0.001 0.000
19 19 (0) 3 : 0.000 0.539 0.000 0.461 0.000 0.000 0.000 0.000 0.000 0.000 0.000
20 20 (0) 3 : 0.000 0.079 0.000 0.353 0.000 0.567 0.000 0.000 0.000 0.000 0.000
21 21 (0) 3 : 0.000 0.000 0.029 0.879 0.000 0.000 0.009 0.000 0.002 0.081 0.000
22 22 (0) 3 : 0.000 0.072 0.000 0.677 0.000 0.250 0.000 0.000 0.000 0.000 0.000
23 23 (0) 3 : 0.000 0.000 0.104 0.769 0.000 0.000 0.001 0.000 0.013 0.112 0.000
24 24 (0) 3 : 0.000 0.000 0.093 0.871 0.000 0.000 0.009 0.000 0.008 0.018 0.000
25 25 (0) 3 : 0.000 0.001 0.005 0.900 0.000 0.092 0.000 0.000 0.001 0.001 0.000
26 26 (0) 3 : 0.000 0.000 0.000 0.996 0.000 0.000 0.001 0.000 0.001 0.001 0.000
27 27 (0) 3 : 0.000 0.000 0.000 0.998 0.000 0.000 0.000 0.000 0.000 0.001 0.000
28 28 (0) 4 : 0.000 0.000 0.000 0.000 0.000 0.000 0.001 0.000 0.000 0.998 0.000
29 29 (0) 4 : 0.000 0.000 0.000 0.000 0.000 0.000 0.000 0.000 0.000 0.999 0.000
30 30 (0) 4 : 0.000 0.000 0.000 0.000 0.000 0.000 0.000 0.000 0.000 0.999 0.000
31 31 (0) 4 : 0.000 0.000 0.001 0.000 0.000 0.043 0.000 0.000 0.001 0.954 0.000
32 32 (0) 4 : 0.000 0.000 0.000 0.000 0.034 0.013 0.001 0.000 0.000 0.935 0.015
33 33 (0) 4 : 0.000 0.000 0.000 0.000 0.000 0.000 0.000 0.000 0.000 0.999 0.000
34 34 (0) 4 : 0.000 0.000 0.000 0.000 0.000 0.000 0.000 0.000 0.000 0.999 0.000
35 35 (0) 5 : 0.000 0.000 0.000 0.000 0.000 0.000 0.997 0.000 0.000 0.002 0.000
36 36 (0) 5 : 0.000 0.000 0.000 0.000 0.000 0.000 0.998 0.000 0.000 0.002 0.000
37 37 (0) 5 : 0.000 0.000 0.000 0.000 0.000 0.000 0.998 0.000 0.000 0.001 0.000
38 38 (0) 5 : 0.000 0.000 0.000 0.000 0.000 0.000 0.998 0.000 0.000 0.001 0.000
39 39 (0) 5 : 0.000 0.000 0.000 0.000 0.000 0.000 0.999 0.000 0.000 0.000 0.000
40 40 (0) 5 : 0.000 0.071 0.000 0.000 0.000 0.272 0.657 0.000 0.000 0.000 0.000
41 41 (0) 5 : 0.000 0.000 0.000 0.000 0.000 0.000 0.999 0.000 0.000 0.000 0.000
42 42 (0) 5 : 0.000 0.100 0.000 0.000 0.000 0.000 0.899 0.000 0.000 0.000 0.000
43 43 (0) 5 : 0.000 0.000 0.000 0.000 0.000 0.000 0.971 0.000 0.000 0.028 0.000
44 44 (0) 5 : 0.000 0.000 0.000 0.000 0.000 0.000 0.999 0.000 0.000 0.000 0.000
45 45 (0) 5 : 0.000 0.000 0.000 0.000 0.000 0.000 0.994 0.000 0.000 0.005 0.000
46 46 (0) 5 : 0.000 0.000 0.000 0.000 0.000 0.000 0.999 0.000 0.000 0.000 0.000
47 47 (0) 5 : 0.000 0.000 0.000 0.000 0.000 0.000 0.999 0.000 0.000 0.001 0.000
48 48 (0) 6 : 0.002 0.000 0.004 0.005 0.000 0.000 0.000 0.000 0.004 0.985 0.000
49 49 (0) 6 : 0.000 0.000 0.000 0.000 0.000 0.000 0.005 0.000 0.000 0.994 0.000
50 50 (0) 6 : 0.000 0.000 0.021 0.001 0.000 0.000 0.006 0.000 0.007 0.965 0.000
51 51 (0) 6 : 0.007 0.000 0.000 0.000 0.000 0.000 0.002 0.000 0.000 0.990 0.000
52 52 (0) 6 : 0.000 0.000 0.005 0.000 0.000 0.000 0.001 0.000 0.002 0.992 0.000
53 53 (0) 6 : 0.000 0.000 0.000 0.007 0.000 0.000 0.000 0.000 0.001 0.991 0.000
54 54 (0) 6 : 0.000 0.000 0.000 0.000 0.000 0.000 0.001 0.000 0.004 0.993 0.000
55 55 (0) 6 : 0.000 0.000 0.000 0.000 0.000 0.000 0.001 0.000 0.007 0.991 0.000
56 56 (0) 6 : 0.000 0.000 0.000 0.000 0.000 0.000 0.001 0.000 0.130 0.868 0.000
57 57 (0) 6 : 0.000 0.000 0.000 0.000 0.000 0.000 0.001 0.000 0.000 0.997 0.000
58 58 (0) 6 : 0.786 0.000 0.099 0.002 0.000 0.000 0.002 0.000 0.001 0.109 0.000
59 59 (0) 7 : 0.993 0.000 0.002 0.002 0.000 0.000 0.000 0.000 0.000 0.002 0.000
60 60 (0) 7 : 0.994 0.000 0.002 0.002 0.000 0.000 0.000 0.000 0.000 0.001 0.000
61 61 (0) 7 : 0.985 0.000 0.009 0.000 0.000 0.000 0.001 0.000 0.001 0.005 0.000
62 62 (0) 7 : 0.984 0.000 0.014 0.000 0.000 0.000 0.000 0.000 0.001 0.000 0.000
63 63 (0) 7 : 0.981 0.000 0.004 0.000 0.000 0.000 0.010 0.000 0.001 0.004 0.000
64 64 (0) 7 : 0.995 0.000 0.000 0.001 0.000 0.000 0.001 0.000 0.001 0.001 0.000
65 65 (0) 7 : 0.969 0.000 0.008 0.000 0.000 0.000 0.000 0.000 0.001 0.022 0.000
66 66 (0) 8 : 0.000 0.000 0.000 0.006 0.000 0.000 0.028 0.000 0.829 0.137 0.000
67 67 (0) 8 : 0.000 0.000 0.000 0.000 0.000 0.000 0.001 0.000 0.997 0.001 0.000
68 68 (0) 8 : 0.000 0.000 0.001 0.000 0.000 0.000 0.000 0.000 0.995 0.003 0.000
69 69 (0) 8 : 0.000 0.000 0.000 0.000 0.000 0.000 0.000 0.000 0.998 0.001 0.000
70 70 (0) 8 : 0.000 0.000 0.000 0.000 0.000 0.000 0.000 0.000 0.938 0.062 0.000
71 71 (0) 8 : 0.000 0.000 0.000 0.000 0.000 0.000 0.007 0.000 0.870 0.122 0.000
72 72 (0) 8 : 0.000 0.000 0.001 0.001 0.000 0.000 0.001 0.000 0.995 0.002 0.000
73 73 (0) 8 : 0.000 0.034 0.000 0.000 0.000 0.087 0.000 0.000 0.863 0.003 0.013
74 74 (0) 8 : 0.000 0.040 0.000 0.001 0.000 0.003 0.000 0.000 0.953 0.002 0.000
75 75 (0) 8 : 0.000 0.000 0.000 0.001 0.000 0.000 0.001 0.000 0.912 0.085 0.000
76 76 (0) 8 : 0.000 0.000 0.001 0.001 0.000 0.000 0.002 0.000 0.855 0.140 0.000
77 77 (0) 8 : 0.000 0.000 0.001 0.000 0.000 0.000 0.002 0.000 0.960 0.037 0.000
78 78 (0) 9 : 0.000 0.000 0.000 0.000 0.188 0.000 0.118 0.000 0.001 0.692 0.000
79 79 (0) 9 : 0.000 0.000 0.001 0.000 0.097 0.000 0.094 0.000 0.001 0.808 0.000
80 80 (0) 9 : 0.000 0.000 0.000 0.000 0.123 0.000 0.089 0.000 0.000 0.787 0.000
81 81 (0) 9 : 0.000 0.000 0.000 0.000 0.293 0.000 0.093 0.000 0.001 0.614 0.000
82 82 (0) 9 : 0.000 0.000 0.000 0.000 0.173 0.000 0.087 0.000 0.017 0.724 0.000
83 83 (0) 9 : 0.000 0.000 0.001 0.000 0.088 0.000 0.124 0.000 0.047 0.740 0.000
84 84 (0) 9 : 0.000 0.000 0.016 0.000 0.126 0.000 0.016 0.000 0.002 0.840 0.000
85 85 (0) 9 : 0.003 0.000 0.000 0.000 0.057 0.000 0.116 0.000 0.001 0.821 0.000
86 86 (0) 9 : 0.000 0.000 0.001 0.000 0.145 0.060 0.018 0.005 0.001 0.684 0.086
87 87 (0) 9 : 0.000 0.000 0.000 0.000 0.079 0.000 0.168 0.000 0.000 0.751 0.000
88 88 (0) 9 : 0.000 0.000 0.000 0.000 0.076 0.000 0.114 0.000 0.003 0.807 0.000
89 89 (0) 9 : 0.000 0.000 0.000 0.000 0.342 0.000 0.044 0.000 0.000 0.614 0.000
90 90 (0) 9 : 0.000 0.000 0.000 0.000 0.197 0.000 0.052 0.000 0.000 0.750 0.000
91 91 (0) 10 : 0.022 0.000 0.861 0.112 0.000 0.000 0.002 0.000 0.001 0.003 0.000
92 92 (0) 10 : 0.002 0.000 0.937 0.008 0.000 0.000 0.001 0.000 0.046 0.006 0.000
93 93 (0) 10 : 0.000 0.000 0.998 0.000 0.000 0.000 0.001 0.000 0.000 0.001 0.000
94 94 (0) 10 : 0.000 0.000 0.995 0.002 0.000 0.000 0.002 0.000 0.000 0.000 0.000
95 95 (0) 10 : 0.001 0.000 0.998 0.000 0.000 0.000 0.000 0.000 0.000 0.001 0.000
96 96 (0) 10 : 0.011 0.000 0.981 0.001 0.000 0.000 0.003 0.000 0.002 0.003 0.000
97 97 (0) 10 : 0.035 0.000 0.814 0.088 0.000 0.000 0.003 0.000 0.001 0.059 0.000
98 98 (0) 10 : 0.000 0.000 0.994 0.000 0.000 0.000 0.004 0.000 0.000 0.001 0.000
99 99 (0) 10 : 0.000 0.258 0.741 0.000 0.000 0.000 0.000 0.000 0.000 0.000 0.000
100 100 (0) 10 : 0.001 0.000 0.989 0.000 0.000 0.000 0.001 0.000 0.001 0.007 0.000
101 101 (0) 10 : 0.001 0.121 0.774 0.000 0.000 0.103 0.000 0.000 0.000 0.000 0.000
102 102 (0) 10 : 0.001 0.000 0.988 0.001 0.000 0.000 0.001 0.000 0.006 0.004 0.000
103 103 (0) 10 : 0.000 0.000 0.993 0.005 0.000 0.000 0.000 0.000 0.000 0.001 0.000
