1:	0.5298 0.0000 0.0026 0.0119 0.0000 0.0014 0.0874 0.2202 0.0001 0.0056 0.0591 0.0200 0.0313 0.0306 	12
2:	0.0000 1.0000 0.0000 0.0000 0.0000 0.0000 0.0000 0.0000 0.0000 0.0000 0.0000 0.0000 0.0000 0.0000 	3
3:	0.0757 0.0002 0.0195 0.0006 0.0000 0.0026 0.0128 0.0094 0.7463 0.0798 0.0003 0.0000 0.0529 0.0000 	12
4:	0.8524 0.0003 0.0002 0.0006 0.0001 0.0005 0.0000 0.0085 0.0000 0.0002 0.1350 0.0016 0.0000 0.0007 	7
5:	0.0084 0.0000 0.0000 0.9541 0.0000 0.0000 0.0003 0.0126 0.0000 0.0047 0.0000 0.0000 0.0198 0.0000 	13
6:	0.7732 0.0000 0.0086 0.0014 0.0689 0.0105 0.0000 0.0000 0.0008 0.0000 0.0015 0.0000 0.0000 0.1349 	11
7:	0.0579 0.0000 0.0046 0.0018 0.9350 0.0003 0.0000 0.0000 0.0004 0.0000 0.0000 0.0000 0.0000 0.0000 	7
8:	0.1687 0.0000 0.0002 0.0028 0.0000 0.8108 0.0001 0.0088 0.0009 0.0002 0.0001 0.0000 0.0072 0.0002 	12
9:	0.7778 0.0011 0.0037 0.0575 0.0005 0.0024 0.0004 0.0022 0.0001 0.0002 0.0047 0.1436 0.0022 0.0036 	13
10:	0.0841 0.0000 0.8559 0.0013 0.0051 0.0010 0.0029 0.0078 0.0157 0.0081 0.0002 0.0000 0.0178 0.0000 	13
