1 1 (0) 1 : 0.251 0.741 0.002 0.000 0.000 0.003 0.000 0.000 0.002 0.000 0.000 0.000 0.000 0.000
2 2 (0) 1 : 0.505 0.438 0.000 0.000 0.000 0.000 0.000 0.000 0.000 0.000 0.000 0.002 0.000 0.053
3 3 (0) 1 : 0.070 0.855 0.000 0.001 0.000 0.067 0.000 0.000 0.003 0.000 0.002 0.000 0.000 0.000
4 4 (0) 1 : 0.293 0.702 0.000 0.000 0.001 0.003 0.000 0.000 0.000 0.000 0.000 0.000 0.000 0.000
5 5 (0) 1 : 0.935 0.065 0.000 0.000 0.000 0.000 0.000 0.000 0.000 0.000 0.000 0.000 0.000 0.000
6 6 (0) 1 : 0.000 0.381 0.000 0.000 0.000 0.000 0.000 0.000 0.000 0.000 0.618 0.000 0.000 0.000
7 7 (0) 1 : 0.000 0.639 0.001 0.000 0.000 0.001 0.000 0.000 0.000 0.000 0.357 0.001 0.000 0.000
8 8 (0) 1 : 0.217 0.718 0.004 0.001 0.006 0.005 0.000 0.000 0.000 0.003 0.001 0.028 0.000 0.017
9 9 (0) 1 : 0.240 0.590 0.000 0.000 0.000 0.001 0.000 0.000 0.000 0.000 0.168 0.000 0.000 0.000
10 10 (0) 1 : 0.000 0.095 0.000 0.000 0.000 0.000 0.000 0.000 0.000 0.000 0.000 0.904 0.000 0.000
11 11 (0) 1 : 0.000 0.870 0.013 0.035 0.002 0.071 0.000 0.000 0.007 0.000 0.000 0.000 0.000 0.000
12 12 (0) 1 : 0.088 0.330 0.000 0.000 0.000 0.001 0.000 0.042 0.000 0.000 0.009 0.107 0.000 0.423
13 13 (0) 2 : 0.000 0.000 0.000 0.000 0.000 0.000 0.000 0.000 0.000 0.000 0.000 0.000 1.000 0.000
14 14 (0) 2 : 0.000 0.000 0.000 0.000 0.000 0.000 0.000 0.000 0.000 0.000 0.000 0.000 1.000 0.000
15 15 (0) 2 : 0.000 0.000 0.000 0.000 0.000 0.000 0.000 0.000 0.000 0.000 0.000 0.000 1.000 0.000
16 16 (0) 3 : 0.000 0.002 0.052 0.073 0.000 0.000 0.000 0.000 0.000 0.872 0.000 0.000 0.000 0.000
17 17 (0) 3 : 0.000 0.000 0.000 0.000 0.000 0.000 0.000 0.000 0.000 0.999 0.000 0.000 0.000 0.000
18 18 (0) 3 : 0.000 0.018 0.002 0.076 0.000 0.001 0.000 0.036 0.000 0.866 0.000 0.000 0.000 0.000
19 19 (0) 3 : 0.000 0.000 0.000 0.000 0.000 0.000 0.000 0.000 0.000 0.495 0.000 0.000 0.000 0.505
20 20 (0) 3 : 0.000 0.000 0.000 0.000 0.000 0.000 0.000 0.863 0.000 0.137 0.000 0.000 0.000 0.000
21 21 (0) 3 : 0.000 0.106 0.002 0.010 0.000 0.005 0.000 0.000 0.000 0.876 0.000 0.000 0.000 0.000
22 22 (0) 3 : 0.021 0.000 0.000 0.000 0.000 0.000 0.000 0.159 0.000 0.632 0.000 0.000 0.000 0.186
23 23 (0) 3 : 0.000 0.156 0.003 0.078 0.000 0.000 0.000 0.000 0.000 0.762 0.000 0.000 0.000 0.000
24 24 (0) 3 : 0.000 0.089 0.003 0.040 0.000 0.001 0.000 0.000 0.000 0.867 0.000 0.000 0.000 0.000
25 25 (0) 3 : 0.003 0.002 0.002 0.005 0.000 0.000 0.000 0.028 0.000 0.876 0.000 0.021 0.000 0.063
26 26 (0) 3 : 0.000 0.002 0.000 0.000 0.000 0.001 0.000 0.000 0.000 0.995 0.000 0.000 0.000 0.000
27 27 (0) 3 : 0.000 0.000 0.000 0.000 0.000 0.001 0.000 0.000 0.000 0.998 0.000 0.000 0.000 0.000
28 28 (0) 4 : 0.000 0.648 0.000 0.000 0.350 0.001 0.000 0.000 0.000 0.000 0.000 0.000 0.000 0.000
29 29 (0) 4 : 0.000 0.679 0.001 0.000 0.319 0.001 0.000 0.000 0.000 0.000 0.000 0.000 0.000 0.000
30 30 (0) 4 : 0.000 0.661 0.000 0.000 0.338 0.000 0.000 0.000 0.000 0.000 0.000 0.000 0.000 0.000
31 31 (0) 4 : 0.014 0.628 0.001 0.001 0.355 0.000 0.000 0.000 0.000 0.000 0.000 0.000 0.000 0.000
32 32 (0) 4 : 0.000 0.545 0.000 0.000 0.453 0.001 0.000 0.000 0.001 0.000 0.000 0.000 0.000 0.000
33 33 (0) 4 : 0.000 0.663 0.000 0.000 0.335 0.001 0.000 0.000 0.000 0.000 0.000 0.000 0.000 0.000
34 34 (0) 4 : 0.000 0.641 0.000 0.000 0.358 0.000 0.000 0.000 0.000 0.000 0.000 0.000 0.000 0.000
35 35 (0) 5 : 0.000 0.003 0.000 0.000 0.000 0.996 0.000 0.000 0.000 0.000 0.000 0.000 0.000 0.000
36 36 (0) 5 : 0.000 0.005 0.000 0.000 0.000 0.994 0.000 0.000 0.000 0.000 0.000 0.000 0.000 0.000
37 37 (0) 5 : 0.000 0.001 0.000 0.000 0.000 0.998 0.000 0.000 0.000 0.000 0.000 0.000 0.000 0.000
38 38 (0) 5 : 0.000 0.001 0.000 0.000 0.000 0.998 0.000 0.000 0.000 0.000 0.000 0.000 0.000 0.000
39 39 (0) 5 : 0.000 0.000 0.000 0.000 0.000 0.999 0.000 0.000 0.000 0.000 0.000 0.000 0.000 0.000
40 40 (0) 5 : 0.149 0.000 0.000 0.000 0.000 0.604 0.000 0.001 0.000 0.000 0.000 0.000 0.000 0.246
41 41 (0) 5 : 0.000 0.002 0.000 0.000 0.000 0.997 0.000 0.000 0.000 0.000 0.000 0.000 0.000 0.000
42 42 (0) 5 : 0.000 0.000 0.000 0.000 0.000 0.901 0.000 0.000 0.000 0.000 0.000 0.000 0.000 0.098
43 43 (0) 5 : 0.000 0.056 0.000 0.000 0.000 0.944 0.000 0.000 0.000 0.000 0.000 0.000 0.000 0.000
44 44 (0) 5 : 0.000 0.000 0.000 0.000 0.000 0.999 0.000 0.000 0.000 0.000 0.000 0.000 0.000 0.000
45 45 (0) 5 : 0.000 0.005 0.000 0.000 0.001 0.994 0.000 0.000 0.000 0.000 0.000 0.000 0.000 0.000
46 46 (0) 5 : 0.000 0.001 0.000 0.000 0.000 0.998 0.000 0.000 0.000 0.000 0.000 0.000 0.000 0.000
47 47 (0) 5 : 0.000 0.001 0.000 0.000 0.000 0.999 0.000 0.000 0.000 0.000 0.000 0.000 0.000 0.000
48 48 (0) 6 : 0.000 0.746 0.001 0.001 0.000 0.000 0.001 0.000 0.249 0.002 0.000 0.000 0.000 0.000
49 49 (0) 6 : 0.000 0.765 0.000 0.000 0.026 0.004 0.000 0.000 0.205 0.000 0.000 0.000 0.000 0.000
50 50 (0) 6 : 0.000 0.732 0.005 0.009 0.000 0.010 0.000 0.000 0.242 0.001 0.000 0.000 0.000 0.000
51 51 (0) 6 : 0.000 0.743 0.000 0.000 0.000 0.001 0.000 0.000 0.255 0.000 0.000 0.000 0.000 0.000
52 52 (0) 6 : 0.000 0.786 0.001 0.001 0.000 0.000 0.000 0.000 0.211 0.000 0.000 0.000 0.000 0.000
53 53 (0) 6 : 0.000 0.755 0.001 0.000 0.000 0.000 0.000 0.000 0.240 0.003 0.000 0.000 0.000 0.000
54 54 (0) 6 : 0.000 0.799 0.002 0.000 0.001 0.002 0.000 0.000 0.196 0.000 0.000 0.000 0.000 0.000
55 55 (0) 6 : 0.000 0.731 0.003 0.000 0.001 0.003 0.000 0.000 0.263 0.000 0.000 0.000 0.000 0.000
56 56 (0) 6 : 0.000 0.667 0.125 0.000 0.000 0.003 0.000 0.000 0.205 0.000 0.000 0.000 0.000 0.000
57 57 (0) 6 : 0.000 0.739 0.000 0.000 0.000 0.001 0.000 0.000 0.258 0.000 0.000 0.000 0.000 0.000
58 58 (0) 6 : 0.000 0.089 0.004 0.102 0.000 0.005 0.797 0.000 0.000 0.003 0.000 0.000 0.000 0.000
59 59 (0) 7 : 0.000 0.001 0.000 0.002 0.000 0.000 0.995 0.000 0.000 0.001 0.000 0.000 0.000 0.000
60 60 (0) 7 : 0.000 0.003 0.000 0.001 0.000 0.000 0.995 0.000 0.000 0.001 0.000 0.000 0.000 0.000
61 61 (0) 7 : 0.000 0.004 0.001 0.005 0.000 0.001 0.989 0.000 0.000 0.000 0.000 0.000 0.000 0.000
62 62 (0) 7 : 0.000 0.000 0.000 0.013 0.000 0.000 0.986 0.000 0.000 0.000 0.000 0.000 0.000 0.000
63 63 (0) 7 : 0.000 0.002 0.001 0.002 0.000 0.012 0.983 0.000 0.000 0.000 0.000 0.000 0.000 0.000
64 64 (0) 7 : 0.000 0.003 0.001 0.000 0.000 0.001 0.995 0.000 0.000 0.000 0.000 0.000 0.000 0.000
65 65 (0) 7 : 0.000 0.016 0.001 0.007 0.000 0.000 0.975 0.000 0.000 0.001 0.000 0.000 0.000 0.000
66 66 (0) 8 : 0.000 0.149 0.808 0.000 0.000 0.038 0.000 0.000 0.000 0.004 0.000 0.000 0.000 0.000
67 67 (0) 8 : 0.000 0.012 0.987 0.000 0.000 0.001 0.000 0.000 0.000 0.000 0.000 0.000 0.000 0.000
68 68 (0) 8 : 0.000 0.012 0.985 0.001 0.000 0.000 0.000 0.000 0.000 0.000 0.000 0.000 0.000 0.000
69 69 (0) 8 : 0.000 0.001 0.998 0.000 0.000 0.000 0.000 0.000 0.000 0.000 0.000 0.000 0.000 0.000
70 70 (0) 8 : 0.000 0.096 0.903 0.000 0.000 0.000 0.000 0.000 0.000 0.000 0.000 0.000 0.000 0.000
71 71 (0) 8 : 0.000 0.144 0.844 0.000 0.000 0.011 0.000 0.000 0.000 0.000 0.000 0.000 0.000 0.000
72 72 (0) 8 : 0.000 0.044 0.952 0.003 0.000 0.001 0.000 0.000 0.000 0.001 0.000 0.000 0.000 0.000
73 73 (0) 8 : 0.093 0.009 0.830 0.000 0.000 0.000 0.000 0.000 0.000 0.000 0.000 0.000 0.000 0.066
74 74 (0) 8 : 0.000 0.012 0.934 0.000 0.000 0.000 0.000 0.000 0.000 0.001 0.000 0.000 0.000 0.051
75 75 (0) 8 : 0.000 0.108 0.890 0.000 0.000 0.001 0.000 0.000 0.000 0.001 0.000 0.000 0.000 0.000
76 76 (0) 8 : 0.000 0.145 0.839 0.001 0.000 0.004 0.000 0.000 0.008 0.003 0.000 0.000 0.000 0.000
77 77 (0) 8 : 0.000 0.067 0.930 0.000 0.000 0.001 0.000 0.000 0.000 0.000 0.000 0.000 0.000 0.000
78 78 (0) 9 : 0.000 0.775 0.001 0.119 0.000 0.081 0.000 0.001 0.000 0.000 0.000 0.000 0.000 0.023
79 79 (0) 9 : 0.000 0.908 0.001 0.004 0.001 0.083 0.000 0.000 0.001 0.001 0.000 0.000 0.000 0.000
80 80 (0) 9 : 0.000 0.949 0.000 0.000 0.000 0.050 0.000 0.000 0.000 0.000 0.000 0.000 0.000 0.000
81 81 (0) 9 : 0.004 0.827 0.000 0.001 0.000 0.066 0.000 0.000 0.000 0.000 0.000 0.009 0.000 0.093
82 82 (0) 9 : 0.000 0.780 0.044 0.000 0.046 0.076 0.000 0.000 0.000 0.001 0.052 0.000 0.000 0.000
83 83 (0) 9 : 0.000 0.873 0.012 0.015 0.000 0.098 0.000 0.000 0.000 0.000 0.000 0.000 0.000 0.000
84 84 (0) 9 : 0.000 0.893 0.000 0.103 0.000 0.002 0.001 0.000 0.000 0.000 0.000 0.000 0.000 0.000
85 85 (0) 9 : 0.000 0.884 0.000 0.001 0.001 0.093 0.020 0.000 0.000 0.002 0.000 0.000 0.000 0.000
86 86 (0) 9 : 0.107 0.765 0.001 0.005 0.001 0.044 0.001 0.013 0.002 0.001 0.023 0.023 0.012 0.001
87 87 (0) 9 : 0.000 0.849 0.001 0.001 0.000 0.147 0.000 0.000 0.000 0.001 0.000 0.000 0.000 0.000
88 88 (0) 9 : 0.000 0.891 0.004 0.000 0.000 0.081 0.000 0.000 0.021 0.001 0.000 0.000 0.000 0.000
89 89 (0) 9 : 0.000 0.753 0.000 0.000 0.000 0.066 0.000 0.000 0.000 0.000 0.147 0.000 0.019 0.013
90 90 (0) 9 : 0.000 0.890 0.000 0.000 0.000 0.044 0.000 0.000 0.000 0.000 0.008 0.000 0.000 0.057
91 91 (0) 10 : 0.000 0.005 0.001 0.855 0.000 0.002 0.026 0.000 0.000 0.112 0.000 0.000 0.000 0.000
92 92 (0) 10 : 0.000 0.058 0.018 0.915 0.000 0.001 0.001 0.000 0.000 0.007 0.000 0.000 0.000 0.000
93 93 (0) 10 : 0.000 0.002 0.000 0.995 0.000 0.002 0.000 0.000 0.000 0.001 0.000 0.000 0.000 0.000
94 94 (0) 10 : 0.000 0.001 0.000 0.991 0.000 0.002 0.000 0.000 0.000 0.005 0.000 0.000 0.000 0.000
95 95 (0) 10 : 0.000 0.003 0.000 0.996 0.000 0.000 0.001 0.000 0.000 0.000 0.000 0.000 0.000 0.000
96 96 (0) 10 : 0.000 0.007 0.002 0.975 0.000 0.003 0.013 0.000 0.000 0.001 0.000 0.000 0.000 0.000
97 97 (0) 10 : 0.000 0.072 0.000 0.793 0.000 0.002 0.033 0.000 0.000 0.099 0.000 0.000 0.000 0.000
98 98 (0) 10 : 0.000 0.002 0.000 0.993 0.000 0.004 0.000 0.000 0.000 0.000 0.000 0.000 0.000 0.000
99 99 (0) 10 : 0.070 0.000 0.000 0.754 0.000 0.000 0.000 0.037 0.000 0.000 0.000 0.031 0.000 0.108
100 100 (0) 10 : 0.000 0.043 0.000 0.955 0.000 0.001 0.000 0.000 0.000 0.000 0.000 0.000 0.000 0.000
101 101 (0) 10 : 0.000 0.000 0.000 0.765 0.000 0.000 0.000 0.000 0.000 0.000 0.000 0.009 0.000 0.225
102 102 (0) 10 : 0.000 0.003 0.011 0.982 0.002 0.000 0.001 0.000 0.000 0.001 0.000 0.000 0.000 0.000
103 103 (0) 10 : 0.000 0.002 0.000 0.989 0.000 0.000 0.000 0.000 0.000 0.008 0.000 0.000 0.000 0.000
1 1 (0) 1 : 0.000 0.001 0.000 0.000 0.000 0.002 0.030 0.019 0.229 0.001 0.000 0.010 0.707 0.000
2 2 (0) 1 : 0.000 0.000 0.000 0.000 0.000 0.000 0.000 0.000 0.543 0.001 0.001 0.000 0.455 0.000
3 3 (0) 1 : 0.000 0.000 0.001 0.000 0.000 0.000 0.019 0.002 0.064 0.059 0.000 0.019 0.835 0.000
4 4 (0) 1 : 0.000 0.000 0.000 0.000 0.000 0.000 0.003 0.000 0.291 0.006 0.000 0.001 0.698 0.000
5 5 (0) 1 : 0.000 0.000 0.000 0.000 0.000 0.000 0.000 0.000 0.884 0.000 0.000 0.000 0.115 0.000
6 6 (0) 1 : 0.000 0.000 0.000 0.000 0.000 0.000 0.000 0.000 0.000 0.000 0.000 0.617 0.383 0.000
7 7 (0) 1 : 0.000 0.001 0.000 0.000 0.000 0.000 0.007 0.000 0.000 0.001 0.002 0.361 0.627 0.000
8 8 (0) 1 : 0.000 0.001 0.001 0.000 0.000 0.000 0.021 0.001 0.215 0.003 0.029 0.020 0.709 0.000
9 9 (0) 1 : 0.000 0.000 0.000 0.000 0.000 0.000 0.000 0.000 0.229 0.000 0.000 0.170 0.599 0.000
10 10 (0) 1 : 0.000 0.000 0.000 0.000 0.000 0.000 0.000 0.000 0.000 0.000 0.903 0.000 0.096 0.000
11 11 (0) 1 : 0.000 0.015 0.032 0.000 0.000 0.000 0.017 0.023 0.000 0.069 0.000 0.006 0.838 0.000
12 12 (0) 1 : 0.072 0.000 0.000 0.000 0.000 0.281 0.002 0.000 0.183 0.001 0.113 0.001 0.345 0.000
13 13 (0) 2 : 0.000 0.000 0.000 0.000 0.000 0.000 0.000 0.000 0.000 0.000 0.000 0.000 0.000 1.000
14 14 (0) 2 : 0.000 0.000 0.000 0.000 0.000 0.000 0.000 0.000 0.000 0.000 0.000 0.000 0.000 1.000
15 15 (0) 2 : 0.000 0.000 0.000 0.000 0.000 0.000 0.000 0.000 0.000 0.000 0.000 0.000 0.000 1.000
16 16 (0) 3 : 0.000 0.005 0.048 0.000 0.812 0.000 0.000 0.000 0.000 0.000 0.000 0.000 0.134 0.000
17 17 (0) 3 : 0.000 0.000 0.000 0.000 0.929 0.000 0.000 0.000 0.000 0.000 0.000 0.000 0.070 0.000
18 18 (0) 3 : 0.038 0.000 0.034 0.000 0.782 0.000 0.000 0.000 0.000 0.001 0.000 0.000 0.145 0.000
19 19 (0) 3 : 0.000 0.000 0.000 0.000 0.510 0.489 0.000 0.000 0.000 0.000 0.000 0.000 0.000 0.000
20 20 (0) 3 : 0.868 0.000 0.000 0.000 0.132 0.000 0.000 0.000 0.000 0.000 0.000 0.000 0.000 0.000
21 21 (0) 3 : 0.000 0.001 0.005 0.000 0.806 0.000 0.000 0.000 0.000 0.002 0.000 0.000 0.186 0.000
22 22 (0) 3 : 0.166 0.000 0.000 0.000 0.637 0.130 0.000 0.000 0.066 0.000 0.000 0.000 0.000 0.000
23 23 (0) 3 : 0.000 0.001 0.055 0.000 0.696 0.000 0.000 0.000 0.000 0.000 0.000 0.000 0.247 0.000
24 24 (0) 3 : 0.000 0.001 0.017 0.001 0.806 0.000 0.000 0.000 0.000 0.002 0.000 0.000 0.174 0.000
25 25 (0) 3 : 0.031 0.001 0.001 0.000 0.816 0.036 0.000 0.000 0.023 0.000 0.019 0.000 0.073 0.000
26 26 (0) 3 : 0.000 0.000 0.000 0.000 0.907 0.000 0.000 0.000 0.000 0.001 0.000 0.000 0.091 0.000
27 27 (0) 3 : 0.000 0.000 0.000 0.000 0.914 0.000 0.000 0.000 0.000 0.000 0.000 0.000 0.085 0.000
28 28 (0) 4 : 0.000 0.000 0.000 0.000 0.000 0.000 0.000 0.002 0.000 0.001 0.000 0.013 0.983 0.000
29 29 (0) 4 : 0.000 0.001 0.000 0.001 0.000 0.000 0.000 0.002 0.000 0.001 0.000 0.000 0.994 0.000
30 30 (0) 4 : 0.000 0.000 0.000 0.000 0.000 0.000 0.000 0.000 0.000 0.000 0.000 0.000 0.999 0.000
31 31 (0) 4 : 0.002 0.006 0.001 0.000 0.000 0.000 0.000 0.003 0.056 0.000 0.000 0.000 0.931 0.000
32 32 (0) 4 : 0.000 0.000 0.000 0.000 0.000 0.000 0.025 0.001 0.042 0.000 0.000 0.000 0.928 0.002
33 33 (0) 4 : 0.000 0.000 0.000 0.000 0.000 0.000 0.000 0.000 0.000 0.001 0.000 0.000 0.999 0.000
34 34 (0) 4 : 0.000 0.000 0.000 0.000 0.000 0.000 0.000 0.000 0.000 0.000 0.000 0.000 0.999 0.000
35 35 (0) 5 : 0.000 0.000 0.000 0.000 0.000 0.000 0.000 0.000 0.000 0.979 0.000 0.000 0.020 0.000
36 36 (0) 5 : 0.000 0.000 0.000 0.000 0.000 0.000 0.000 0.000 0.000 0.987 0.000 0.000 0.013 0.000
37 37 (0) 5 : 0.000 0.000 0.000 0.000 0.000 0.000 0.000 0.000 0.000 0.993 0.000 0.000 0.006 0.000
38 38 (0) 5 : 0.000 0.000 0.000 0.000 0.000 0.000 0.000 0.000 0.000 0.997 0.000 0.000 0.002 0.000
39 39 (0) 5 : 0.000 0.000 0.000 0.000 0.000 0.000 0.000 0.000 0.000 0.998 0.000 0.000 0.001 0.000
40 40 (0) 5 : 0.000 0.000 0.000 0.000 0.000 0.220 0.000 0.000 0.158 0.621 0.000 0.000 0.000 0.000
41 41 (0) 5 : 0.000 0.000 0.000 0.000 0.000 0.000 0.000 0.000 0.000 0.989 0.000 0.000 0.010 0.000
42 42 (0) 5 : 0.000 0.000 0.000 0.000 0.000 0.092 0.000 0.000 0.000 0.908 0.000 0.000 0.000 0.000
43 43 (0) 5 : 0.000 0.000 0.000 0.000 0.000 0.000 0.000 0.000 0.000 0.933 0.000 0.000 0.066 0.000
44 44 (0) 5 : 0.000 0.000 0.000 0.000 0.000 0.000 0.000 0.000 0.000 0.999 0.000 0.000 0.000 0.000
45 45 (0) 5 : 0.000 0.000 0.000 0.000 0.000 0.000 0.000 0.000 0.000 0.981 0.000 0.000 0.019 0.000
46 46 (0) 5 : 0.000 0.000 0.000 0.000 0.000 0.000 0.000 0.000 0.000 0.998 0.000 0.000 0.001 0.000
47 47 (0) 5 : 0.000 0.000 0.000 0.000 0.000 0.000 0.000 0.000 0.000 0.996 0.000 0.000 0.004 0.000
48 48 (0) 6 : 0.000 0.001 0.000 0.000 0.001 0.000 0.000 0.228 0.000 0.000 0.000 0.000 0.769 0.000
49 49 (0) 6 : 0.000 0.000 0.000 0.000 0.000 0.000 0.000 0.180 0.000 0.001 0.000 0.000 0.818 0.000
50 50 (0) 6 : 0.000 0.001 0.006 0.000 0.000 0.000 0.000 0.209 0.000 0.004 0.000 0.000 0.779 0.000
51 51 (0) 6 : 0.000 0.000 0.000 0.000 0.000 0.000 0.000 0.207 0.000 0.000 0.000 0.000 0.792 0.000
52 52 (0) 6 : 0.000 0.000 0.001 0.000 0.000 0.000 0.000 0.174 0.000 0.000 0.000 0.000 0.823 0.000
53 53 (0) 6 : 0.000 0.000 0.000 0.000 0.001 0.000 0.000 0.189 0.000 0.000 0.000 0.000 0.809 0.000
54 54 (0) 6 : 0.000 0.001 0.000 0.000 0.000 0.000 0.000 0.171 0.000 0.002 0.000 0.000 0.825 0.000
55 55 (0) 6 : 0.000 0.002 0.000 0.000 0.000 0.000 0.000 0.199 0.000 0.001 0.000 0.000 0.799 0.000
56 56 (0) 6 : 0.000 0.092 0.000 0.000 0.000 0.000 0.000 0.184 0.000 0.000 0.000 0.000 0.722 0.000
57 57 (0) 6 : 0.000 0.000 0.000 0.000 0.000 0.000 0.000 0.228 0.000 0.002 0.000 0.000 0.769 0.000
58 58 (0) 6 : 0.000 0.000 0.058 0.725 0.003 0.000 0.000 0.000 0.000 0.001 0.000 0.000 0.213 0.000
59 59 (0) 7 : 0.000 0.000 0.001 0.889 0.001 0.000 0.000 0.000 0.000 0.000 0.000 0.000 0.108 0.000
60 60 (0) 7 : 0.000 0.000 0.001 0.873 0.001 0.000 0.000 0.000 0.000 0.000 0.000 0.000 0.125 0.000
61 61 (0) 7 : 0.000 0.000 0.001 0.902 0.000 0.000 0.000 0.000 0.000 0.001 0.000 0.000 0.095 0.000
62 62 (0) 7 : 0.000 0.000 0.021 0.913 0.000 0.000 0.000 0.000 0.000 0.000 0.000 0.000 0.065 0.000
63 63 (0) 7 : 0.000 0.000 0.001 0.898 0.000 0.000 0.000 0.000 0.000 0.008 0.000 0.000 0.093 0.000
64 64 (0) 7 : 0.000 0.001 0.000 0.897 0.000 0.000 0.000 0.000 0.000 0.001 0.000 0.000 0.101 0.000
65 65 (0) 7 : 0.000 0.000 0.003 0.876 0.000 0.000 0.000 0.000 0.000 0.000 0.000 0.000 0.120 0.000
66 66 (0) 8 : 0.000 0.636 0.000 0.000 0.003 0.000 0.000 0.000 0.000 0.019 0.000 0.000 0.341 0.000
67 67 (0) 8 : 0.000 0.839 0.000 0.000 0.000 0.000 0.000 0.000 0.000 0.000 0.000 0.000 0.160 0.000
68 68 (0) 8 : 0.000 0.809 0.000 0.000 0.000 0.000 0.000 0.000 0.000 0.000 0.000 0.000 0.190 0.000
69 69 (0) 8 : 0.000 0.799 0.000 0.000 0.000 0.000 0.000 0.000 0.000 0.000 0.000 0.000 0.200 0.000
70 70 (0) 8 : 0.000 0.708 0.000 0.000 0.000 0.000 0.000 0.000 0.000 0.000 0.000 0.000 0.291 0.000
71 71 (0) 8 : 0.000 0.673 0.000 0.000 0.000 0.000 0.000 0.000 0.000 0.002 0.000 0.000 0.325 0.000
72 72 (0) 8 : 0.000 0.774 0.000 0.000 0.001 0.000 0.000 0.000 0.000 0.000 0.000 0.000 0.224 0.000
73 73 (0) 8 : 0.000 0.703 0.000 0.000 0.000 0.048 0.000 0.000 0.098 0.000 0.001 0.000 0.150 0.000
74 74 (0) 8 : 0.000 0.750 0.000 0.000 0.001 0.044 0.000 0.000 0.000 0.000 0.000 0.000 0.204 0.000
75 75 (0) 8 : 0.000 0.726 0.000 0.000 0.001 0.000 0.000 0.000 0.000 0.000 0.000 0.000 0.272 0.000
76 76 (0) 8 : 0.000 0.674 0.001 0.000 0.004 0.000 0.000 0.002 0.000 0.001 0.000 0.000 0.317 0.000
77 77 (0) 8 : 0.000 0.787 0.000 0.000 0.000 0.000 0.000 0.000 0.000 0.000 0.000 0.000 0.211 0.000
78 78 (0) 9 : 0.000 0.000 0.000 0.000 0.000 0.000 0.209 0.000 0.000 0.050 0.000 0.000 0.740 0.000
79 79 (0) 9 : 0.000 0.000 0.000 0.000 0.000 0.000 0.120 0.001 0.000 0.077 0.000 0.000 0.801 0.000
80 80 (0) 9 : 0.000 0.000 0.000 0.000 0.000 0.000 0.144 0.000 0.000 0.033 0.000 0.000 0.823 0.000
81 81 (0) 9 : 0.000 0.000 0.000 0.000 0.000 0.000 0.294 0.000 0.000 0.041 0.000 0.000 0.664 0.000
82 82 (0) 9 : 0.000 0.011 0.000 0.000 0.000 0.000 0.177 0.000 0.000 0.049 0.000 0.000 0.763 0.000
83 83 (0) 9 : 0.000 0.010 0.001 0.000 0.000 0.000 0.107 0.000 0.000 0.095 0.000 0.000 0.786 0.000
84 84 (0) 9 : 0.000 0.001 0.003 0.001 0.000 0.000 0.141 0.000 0.000 0.001 0.000 0.000 0.853 0.000
85 85 (0) 9 : 0.000 0.000 0.000 0.002 0.000 0.000 0.083 0.000 0.000 0.082 0.000 0.000 0.832 0.000
86 86 (0) 9 : 0.000 0.000 0.000 0.000 0.000 0.000 0.349 0.000 0.000 0.001 0.000 0.000 0.649 0.001
87 87 (0) 9 : 0.000 0.000 0.000 0.000 0.000 0.000 0.106 0.000 0.000 0.134 0.000 0.000 0.759 0.000
88 88 (0) 9 : 0.000 0.001 0.000 0.000 0.000 0.000 0.088 0.030 0.000 0.088 0.000 0.000 0.792 0.000
89 89 (0) 9 : 0.000 0.000 0.000 0.000 0.000 0.000 0.192 0.000 0.000 0.025 0.000 0.089 0.679 0.015
90 90 (0) 9 : 0.000 0.000 0.000 0.000 0.000 0.000 0.212 0.000 0.000 0.004 0.000 0.000 0.783 0.000
91 91 (0) 10 : 0.000 0.000 0.747 0.021 0.103 0.000 0.000 0.000 0.000 0.002 0.000 0.000 0.127 0.000
92 92 (0) 10 : 0.000 0.002 0.785 0.002 0.004 0.000 0.000 0.000 0.000 0.001 0.000 0.000 0.206 0.000
93 93 (0) 10 : 0.000 0.000 0.864 0.000 0.000 0.000 0.000 0.000 0.000 0.002 0.000 0.000 0.133 0.000
94 94 (0) 10 : 0.000 0.000 0.860 0.000 0.003 0.000 0.000 0.000 0.000 0.007 0.000 0.000 0.129 0.000
95 95 (0) 10 : 0.000 0.000 0.849 0.000 0.000 0.000 0.000 0.000 0.000 0.000 0.000 0.000 0.150 0.000
96 96 (0) 10 : 0.000 0.000 0.820 0.003 0.000 0.000 0.000 0.000 0.000 0.001 0.000 0.000 0.175 0.000
97 97 (0) 10 : 0.000 0.000 0.698 0.028 0.089 0.000 0.000 0.000 0.000 0.002 0.000 0.000 0.182 0.000
98 98 (0) 10 : 0.000 0.000 0.875 0.000 0.000 0.000 0.000 0.000 0.000 0.002 0.000 0.000 0.122 0.000
99 99 (0) 10 : 0.040 0.000 0.761 0.000 0.002 0.089 0.000 0.000 0.074 0.000 0.031 0.000 0.002 0.000
100 100 (0) 10 : 0.000 0.000 0.826 0.000 0.000 0.000 0.000 0.000 0.000 0.001 0.000 0.000 0.172 0.000
101 101 (0) 10 : 0.000 0.000 0.769 0.002 0.000 0.166 0.000 0.000 0.036 0.000 0.018 0.000 0.007 0.000
102 102 (0) 10 : 0.000 0.001 0.826 0.000 0.000 0.000 0.000 0.000 0.000 0.000 0.000 0.000 0.171 0.000
103 103 (0) 10 : 0.000 0.000 0.850 0.000 0.004 0.000 0.000 0.000 0.000 0.000 0.000 0.000 0.145 0.000
1 1 (0) 1 : 0.001 0.036 0.000 0.708 0.000 0.000 0.216 0.000 0.001 0.000 0.018 0.019 0.000 0.000
2 2 (0) 1 : 0.000 0.000 0.000 0.469 0.000 0.000 0.529 0.000 0.000 0.000 0.000 0.000 0.000 0.000
3 3 (0) 1 : 0.000 0.027 0.000 0.838 0.000 0.002 0.044 0.000 0.054 0.000 0.032 0.003 0.000 0.000
4 4 (0) 1 : 0.000 0.009 0.000 0.701 0.000 0.000 0.270 0.000 0.010 0.000 0.009 0.000 0.000 0.000
5 5 (0) 1 : 0.000 0.000 0.000 0.129 0.000 0.000 0.775 0.000 0.000 0.000 0.095 0.000 0.000 0.000
6 6 (0) 1 : 0.000 0.000 0.000 0.382 0.000 0.000 0.000 0.000 0.000 0.000 0.617 0.000 0.000 0.000
7 7 (0) 1 : 0.001 0.016 0.001 0.621 0.003 0.000 0.000 0.000 0.003 0.000 0.356 0.000 0.000 0.000
8 8 (0) 1 : 0.001 0.044 0.020 0.696 0.024 0.000 0.188 0.000 0.003 0.000 0.023 0.000 0.000 0.000
9 9 (0) 1 : 0.000 0.000 0.000 0.602 0.000 0.000 0.203 0.000 0.000 0.000 0.193 0.000 0.000 0.000
10 10 (0) 1 : 0.000 0.000 0.906 0.092 0.001 0.000 0.000 0.000 0.000 0.000 0.000 0.000 0.000 0.000
11 11 (0) 1 : 0.014 0.036 0.000 0.838 0.000 0.019 0.000 0.000 0.067 0.000 0.005 0.021 0.000 0.000
12 12 (0) 1 : 0.000 0.000 0.000 0.152 0.848 0.000 0.000 0.000 0.000 0.000 0.000 0.000 0.000 0.000
13 13 (0) 2 : 0.000 0.000 0.000 0.000 0.000 0.000 0.000 0.000 0.000 0.000 0.000 0.000 0.000 1.000
14 14 (0) 2 : 0.000 0.000 0.000 0.000 0.000 0.000 0.000 0.000 0.000 0.000 0.000 0.000 0.000 1.000
15 15 (0) 2 : 0.000 0.000 0.000 0.000 0.000 0.000 0.000 0.000 0.000 0.000 0.000 0.000 0.000 1.000
16 16 (0) 3 : 0.001 0.000 0.000 0.173 0.000 0.049 0.000 0.777 0.000 0.000 0.000 0.000 0.000 0.000
17 17 (0) 3 : 0.000 0.000 0.000 0.112 0.000 0.000 0.000 0.887 0.000 0.000 0.000 0.000 0.000 0.000
18 18 (0) 3 : 0.000 0.000 0.000 0.197 0.000 0.023 0.000 0.742 0.000 0.000 0.000 0.000 0.038 0.000
19 19 (0) 3 : 0.000 0.000 0.069 0.000 0.065 0.000 0.239 0.545 0.000 0.000 0.022 0.000 0.042 0.018
20 20 (0) 3 : 0.000 0.000 0.000 0.000 0.000 0.000 0.000 0.143 0.000 0.000 0.000 0.000 0.857 0.000
21 21 (0) 3 : 0.001 0.000 0.000 0.223 0.000 0.004 0.000 0.771 0.001 0.000 0.000 0.000 0.000 0.000
22 22 (0) 3 : 0.000 0.000 0.001 0.000 0.000 0.000 0.192 0.641 0.000 0.000 0.000 0.000 0.165 0.000
23 23 (0) 3 : 0.001 0.000 0.000 0.279 0.000 0.058 0.000 0.661 0.000 0.000 0.000 0.000 0.000 0.000
24 24 (0) 3 : 0.001 0.000 0.000 0.207 0.000 0.028 0.000 0.762 0.001 0.001 0.000 0.000 0.000 0.000
25 25 (0) 3 : 0.000 0.000 0.020 0.099 0.000 0.001 0.067 0.786 0.000 0.000 0.000 0.000 0.026 0.000
26 26 (0) 3 : 0.000 0.000 0.000 0.137 0.000 0.000 0.000 0.862 0.001 0.000 0.000 0.000 0.000 0.000
27 27 (0) 3 : 0.000 0.000 0.000 0.125 0.000 0.000 0.000 0.873 0.000 0.000 0.000 0.000 0.000 0.000
28 28 (0) 4 : 0.000 0.000 0.000 0.982 0.000 0.000 0.000 0.000 0.002 0.000 0.013 0.003 0.000 0.000
29 29 (0) 4 : 0.001 0.000 0.000 0.994 0.000 0.000 0.000 0.000 0.001 0.001 0.000 0.002 0.000 0.000
30 30 (0) 4 : 0.000 0.000 0.000 0.999 0.000 0.000 0.000 0.000 0.000 0.000 0.000 0.000 0.000 0.000
31 31 (0) 4 : 0.002 0.000 0.000 0.933 0.000 0.001 0.054 0.000 0.000 0.000 0.000 0.006 0.003 0.000
32 32 (0) 4 : 0.000 0.003 0.000 0.938 0.000 0.000 0.049 0.000 0.000 0.000 0.000 0.002 0.000 0.006
33 33 (0) 4 : 0.000 0.000 0.000 0.998 0.000 0.000 0.000 0.000 0.001 0.000 0.000 0.000 0.000 0.000
34 34 (0) 4 : 0.000 0.000 0.000 0.999 0.000 0.000 0.000 0.000 0.000 0.000 0.000 0.000 0.000 0.000
35 35 (0) 5 : 0.000 0.000 0.000 0.017 0.000 0.000 0.000 0.000 0.982 0.000 0.000 0.000 0.000 0.000
36 36 (0) 5 : 0.000 0.000 0.000 0.012 0.000 0.000 0.000 0.000 0.987 0.000 0.000 0.000 0.000 0.000
37 37 (0) 5 : 0.000 0.000 0.000 0.005 0.000 0.000 0.000 0.000 0.994 0.000 0.000 0.000 0.000 0.000
38 38 (0) 5 : 0.000 0.000 0.000 0.002 0.000 0.000 0.000 0.000 0.997 0.000 0.000 0.000 0.000 0.000
39 39 (0) 5 : 0.000 0.000 0.000 0.001 0.000 0.000 0.000 0.000 0.998 0.000 0.000 0.000 0.000 0.000
40 40 (0) 5 : 0.000 0.000 0.025 0.000 0.063 0.000 0.286 0.000 0.608 0.000 0.000 0.000 0.018 0.000
41 41 (0) 5 : 0.000 0.000 0.000 0.009 0.000 0.000 0.000 0.000 0.990 0.000 0.000 0.000 0.000 0.000
42 42 (0) 5 : 0.000 0.004 0.005 0.000 0.000 0.000 0.088 0.000 0.903 0.000 0.000 0.000 0.000 0.000
43 43 (0) 5 : 0.000 0.000 0.000 0.066 0.000 0.000 0.000 0.000 0.933 0.000 0.000 0.000 0.000 0.000
44 44 (0) 5 : 0.000 0.000 0.000 0.000 0.000 0.000 0.000 0.000 0.999 0.000 0.000 0.000 0.000 0.000
45 45 (0) 5 : 0.000 0.000 0.000 0.023 0.000 0.000 0.000 0.000 0.977 0.000 0.000 0.000 0.000 0.000
46 46 (0) 5 : 0.000 0.000 0.000 0.002 0.000 0.000 0.000 0.000 0.998 0.000 0.000 0.000 0.000 0.000
47 47 (0) 5 : 0.000 0.000 0.000 0.004 0.000 0.000 0.000 0.000 0.995 0.000 0.000 0.000 0.000 0.000
48 48 (0) 6 : 0.001 0.000 0.000 0.761 0.000 0.000 0.000 0.001 0.000 0.000 0.000 0.236 0.000 0.000
49 49 (0) 6 : 0.000 0.000 0.000 0.808 0.000 0.000 0.000 0.000 0.001 0.000 0.000 0.190 0.000 0.000
50 50 (0) 6 : 0.001 0.000 0.000 0.772 0.000 0.005 0.000 0.001 0.005 0.000 0.000 0.217 0.000 0.000
51 51 (0) 6 : 0.000 0.000 0.000 0.784 0.000 0.000 0.000 0.000 0.000 0.000 0.000 0.215 0.000 0.000
52 52 (0) 6 : 0.000 0.000 0.000 0.818 0.000 0.001 0.000 0.000 0.000 0.000 0.000 0.180 0.000 0.000
53 53 (0) 6 : 0.000 0.000 0.000 0.803 0.000 0.000 0.000 0.001 0.000 0.000 0.000 0.195 0.000 0.000
54 54 (0) 6 : 0.001 0.000 0.000 0.819 0.000 0.000 0.000 0.000 0.001 0.000 0.000 0.179 0.000 0.000
55 55 (0) 6 : 0.002 0.000 0.000 0.790 0.000 0.000 0.000 0.000 0.000 0.000 0.000 0.207 0.000 0.000
56 56 (0) 6 : 0.089 0.000 0.000 0.719 0.000 0.000 0.000 0.000 0.001 0.000 0.000 0.191 0.000 0.000
57 57 (0) 6 : 0.000 0.000 0.000 0.761 0.000 0.000 0.000 0.000 0.002 0.000 0.000 0.236 0.000 0.000
58 58 (0) 6 : 0.000 0.000 0.000 0.207 0.000 0.058 0.000 0.001 0.000 0.733 0.000 0.000 0.000 0.000
59 59 (0) 7 : 0.000 0.000 0.000 0.095 0.000 0.001 0.000 0.000 0.000 0.903 0.000 0.000 0.000 0.000
60 60 (0) 7 : 0.000 0.000 0.000 0.109 0.000 0.001 0.000 0.001 0.000 0.889 0.000 0.000 0.000 0.000
61 61 (0) 7 : 0.000 0.000 0.000 0.084 0.000 0.003 0.000 0.000 0.000 0.911 0.000 0.000 0.000 0.000
62 62 (0) 7 : 0.000 0.000 0.000 0.051 0.000 0.019 0.000 0.000 0.001 0.929 0.000 0.000 0.000 0.000
63 63 (0) 7 : 0.000 0.000 0.000 0.081 0.000 0.001 0.000 0.000 0.008 0.910 0.000 0.000 0.000 0.000
64 64 (0) 7 : 0.000 0.000 0.000 0.088 0.000 0.000 0.000 0.000 0.000 0.910 0.000 0.000 0.000 0.000
65 65 (0) 7 : 0.000 0.000 0.000 0.110 0.000 0.002 0.000 0.000 0.000 0.887 0.000 0.000 0.000 0.000
66 66 (0) 8 : 0.627 0.000 0.000 0.340 0.000 0.000 0.000 0.004 0.028 0.000 0.000 0.000 0.000 0.000
67 67 (0) 8 : 0.835 0.000 0.000 0.164 0.000 0.000 0.000 0.000 0.000 0.000 0.000 0.000 0.000 0.000
68 68 (0) 8 : 0.802 0.000 0.000 0.197 0.000 0.000 0.000 0.000 0.000 0.000 0.000 0.000 0.000 0.000
69 69 (0) 8 : 0.791 0.000 0.000 0.208 0.000 0.000 0.000 0.000 0.000 0.000 0.000 0.000 0.000 0.000
70 70 (0) 8 : 0.697 0.000 0.000 0.302 0.000 0.000 0.000 0.000 0.000 0.000 0.000 0.000 0.000 0.000
71 71 (0) 8 : 0.667 0.000 0.000 0.331 0.000 0.000 0.000 0.000 0.001 0.000 0.000 0.000 0.000 0.000
72 72 (0) 8 : 0.766 0.000 0.000 0.233 0.000 0.000 0.000 0.000 0.000 0.000 0.000 0.000 0.000 0.000
73 73 (0) 8 : 0.712 0.000 0.001 0.146 0.001 0.000 0.140 0.000 0.000 0.000 0.000 0.000 0.000 0.000
74 74 (0) 8 : 0.779 0.000 0.000 0.187 0.031 0.000 0.000 0.003 0.000 0.000 0.000 0.000 0.000 0.000
75 75 (0) 8 : 0.720 0.000 0.000 0.278 0.000 0.000 0.000 0.000 0.000 0.000 0.000 0.000 0.000 0.000
76 76 (0) 8 : 0.669 0.000 0.000 0.323 0.000 0.001 0.000 0.003 0.002 0.000 0.000 0.002 0.000 0.000
77 77 (0) 8 : 0.781 0.000 0.000 0.218 0.000 0.000 0.000 0.000 0.000 0.000 0.000 0.000 0.000 0.000
78 78 (0) 9 : 0.000 0.224 0.000 0.739 0.000 0.000 0.000 0.000 0.035 0.000 0.000 0.000 0.000 0.000
79 79 (0) 9 : 0.000 0.130 0.000 0.796 0.000 0.000 0.000 0.000 0.071 0.000 0.000 0.001 0.000 0.000
80 80 (0) 9 : 0.000 0.153 0.000 0.808 0.000 0.000 0.000 0.000 0.038 0.000 0.000 0.000 0.000 0.000
81 81 (0) 9 : 0.000 0.310 0.000 0.663 0.000 0.000 0.000 0.000 0.025 0.000 0.000 0.000 0.000 0.000
82 82 (0) 9 : 0.005 0.186 0.000 0.756 0.000 0.000 0.000 0.000 0.051 0.000 0.001 0.000 0.000 0.000
83 83 (0) 9 : 0.004 0.121 0.000 0.782 0.000 0.000 0.000 0.000 0.092 0.000 0.000 0.000 0.000 0.000
84 84 (0) 9 : 0.001 0.152 0.000 0.844 0.000 0.002 0.000 0.000 0.001 0.000 0.000 0.000 0.000 0.000
85 85 (0) 9 : 0.000 0.092 0.000 0.825 0.000 0.000 0.000 0.000 0.081 0.001 0.000 0.000 0.000 0.000
86 86 (0) 9 : 0.000 0.363 0.000 0.635 0.000 0.000 0.000 0.000 0.001 0.000 0.000 0.000 0.000 0.000
87 87 (0) 9 : 0.000 0.117 0.000 0.747 0.000 0.000 0.000 0.000 0.135 0.000 0.000 0.000 0.000 0.000
88 88 (0) 9 : 0.001 0.098 0.000 0.785 0.000 0.000 0.000 0.000 0.084 0.000 0.000 0.031 0.000 0.000
89 89 (0) 9 : 0.000 0.200 0.000 0.668 0.000 0.000 0.000 0.000 0.026 0.000 0.091 0.000 0.000 0.015
90 90 (0) 9 : 0.000 0.227 0.000 0.769 0.000 0.000 0.000 0.000 0.003 0.000 0.000 0.000 0.000 0.000
91 91 (0) 10 : 0.000 0.000 0.000 0.147 0.000 0.736 0.000 0.088 0.002 0.027 0.000 0.000 0.000 0.000
92 92 (0) 10 : 0.001 0.000 0.000 0.220 0.000 0.774 0.000 0.004 0.001 0.001 0.000 0.000 0.000 0.000
93 93 (0) 10 : 0.000 0.000 0.000 0.148 0.000 0.850 0.000 0.000 0.001 0.000 0.000 0.000 0.000 0.000
94 94 (0) 10 : 0.000 0.000 0.000 0.151 0.000 0.842 0.000 0.002 0.004 0.000 0.000 0.000 0.000 0.000
95 95 (0) 10 : 0.000 0.000 0.000 0.169 0.000 0.830 0.000 0.000 0.000 0.000 0.000 0.000 0.000 0.000
96 96 (0) 10 : 0.000 0.000 0.000 0.190 0.000 0.804 0.000 0.000 0.001 0.005 0.000 0.000 0.000 0.000
97 97 (0) 10 : 0.000 0.000 0.000 0.199 0.000 0.688 0.000 0.078 0.003 0.032 0.000 0.000 0.000 0.000
98 98 (0) 10 : 0.000 0.000 0.000 0.139 0.000 0.859 0.000 0.000 0.001 0.000 0.000 0.000 0.000 0.000
99 99 (0) 10 : 0.000 0.000 0.036 0.001 0.011 0.760 0.146 0.002 0.000 0.000 0.000 0.000 0.042 0.000
100 100 (0) 10 : 0.000 0.000 0.000 0.187 0.000 0.812 0.000 0.000 0.000 0.000 0.000 0.000 0.000 0.000
101 101 (0) 10 : 0.000 0.000 0.041 0.002 0.008 0.765 0.181 0.001 0.000 0.001 0.000 0.000 0.000 0.000
102 102 (0) 10 : 0.001 0.000 0.000 0.183 0.000 0.814 0.000 0.000 0.000 0.001 0.000 0.000 0.000 0.000
103 103 (0) 10 : 0.000 0.000 0.000 0.165 0.000 0.831 0.000 0.003 0.000 0.000 0.000 0.000 0.000 0.000
1 1 (0) 1 : 0.000 0.004 0.003 0.000 0.000 0.001 0.000 0.000 0.000 0.000 0.000 0.247 0.001 0.744
2 2 (0) 1 : 0.000 0.000 0.000 0.000 0.001 0.000 0.000 0.000 0.000 0.000 0.001 0.553 0.000 0.444
3 3 (0) 1 : 0.000 0.006 0.002 0.000 0.064 0.000 0.000 0.002 0.000 0.000 0.000 0.067 0.000 0.858
4 4 (0) 1 : 0.000 0.000 0.000 0.000 0.004 0.000 0.001 0.000 0.000 0.000 0.000 0.293 0.000 0.701
5 5 (0) 1 : 0.000 0.001 0.000 0.000 0.000 0.000 0.000 0.000 0.000 0.000 0.000 0.917 0.000 0.081
6 6 (0) 1 : 0.000 0.633 0.000 0.000 0.000 0.000 0.000 0.000 0.000 0.000 0.000 0.000 0.000 0.366
7 7 (0) 1 : 0.000 0.371 0.000 0.000 0.000 0.000 0.000 0.000 0.000 0.000 0.002 0.000 0.002 0.625
8 8 (0) 1 : 0.001 0.017 0.000 0.000 0.003 0.000 0.003 0.000 0.000 0.000 0.028 0.221 0.004 0.721
9 9 (0) 1 : 0.000 0.167 0.000 0.000 0.000 0.000 0.000 0.000 0.000 0.000 0.000 0.238 0.000 0.593
10 10 (0) 1 : 0.000 0.000 0.000 0.000 0.000 0.000 0.000 0.000 0.000 0.000 0.901 0.000 0.000 0.099
11 11 (0) 1 : 0.000 0.005 0.000 0.000 0.065 0.000 0.000 0.030 0.000 0.000 0.000 0.000 0.004 0.895
12 12 (0) 1 : 0.000 0.001 0.000 0.000 0.001 0.302 0.000 0.000 0.071 0.000 0.110 0.179 0.000 0.336
13 13 (0) 2 : 0.000 0.000 0.000 0.000 0.000 0.000 0.000 0.000 0.000 1.000 0.000 0.000 0.000 0.000
14 14 (0) 2 : 0.000 0.000 0.000 0.000 0.000 0.000 0.000 0.000 0.000 1.000 0.000 0.000 0.000 0.000
15 15 (0) 2 : 0.000 0.000 0.000 0.000 0.000 0.000 0.000 0.000 0.000 1.000 0.000 0.000 0.000 0.000
16 16 (0) 3 : 0.866 0.000 0.000 0.000 0.001 0.000 0.000 0.077 0.000 0.000 0.000 0.000 0.050 0.005
17 17 (0) 3 : 0.999 0.000 0.000 0.000 0.000 0.000 0.000 0.000 0.000 0.000 0.000 0.000 0.000 0.000
18 18 (0) 3 : 0.859 0.000 0.000 0.000 0.001 0.000 0.000 0.074 0.037 0.000 0.000 0.000 0.001 0.028
19 19 (0) 3 : 0.494 0.000 0.000 0.000 0.000 0.506 0.000 0.000 0.000 0.000 0.000 0.000 0.000 0.000
20 20 (0) 3 : 0.133 0.000 0.000 0.000 0.000 0.000 0.000 0.000 0.866 0.000 0.000 0.000 0.000 0.000
21 21 (0) 3 : 0.877 0.000 0.000 0.000 0.002 0.000 0.000 0.010 0.000 0.000 0.000 0.000 0.001 0.110
22 22 (0) 3 : 0.639 0.000 0.000 0.000 0.000 0.171 0.000 0.000 0.167 0.000 0.000 0.022 0.000 0.000
23 23 (0) 3 : 0.762 0.000 0.000 0.000 0.000 0.000 0.000 0.086 0.000 0.000 0.000 0.000 0.004 0.148
24 24 (0) 3 : 0.866 0.000 0.000 0.001 0.001 0.000 0.000 0.043 0.000 0.000 0.000 0.000 0.002 0.087
25 25 (0) 3 : 0.873 0.000 0.000 0.000 0.000 0.040 0.000 0.004 0.028 0.000 0.022 0.029 0.001 0.002
26 26 (0) 3 : 0.996 0.000 0.000 0.000 0.001 0.000 0.000 0.000 0.000 0.000 0.000 0.000 0.001 0.002
27 27 (0) 3 : 0.997 0.000 0.000 0.000 0.000 0.000 0.000 0.000 0.000 0.000 0.000 0.000 0.000 0.002
28 28 (0) 4 : 0.000 0.000 0.000 0.000 0.001 0.000 0.296 0.000 0.000 0.000 0.000 0.000 0.000 0.703
29 29 (0) 4 : 0.000 0.000 0.000 0.000 0.000 0.000 0.255 0.000 0.000 0.000 0.000 0.000 0.000 0.743
30 30 (0) 4 : 0.000 0.000 0.000 0.000 0.000 0.000 0.268 0.000 0.000 0.000 0.000 0.000 0.000 0.732
31 31 (0) 4 : 0.000 0.000 0.000 0.000 0.000 0.000 0.325 0.001 0.000 0.000 0.000 0.000 0.000 0.673
32 32 (0) 4 : 0.000 0.000 0.000 0.000 0.001 0.000 0.403 0.000 0.000 0.000 0.000 0.000 0.000 0.595
33 33 (0) 4 : 0.000 0.000 0.000 0.000 0.001 0.000 0.280 0.000 0.000 0.000 0.000 0.000 0.000 0.719
34 34 (0) 4 : 0.000 0.000 0.000 0.000 0.000 0.000 0.288 0.000 0.000 0.000 0.000 0.000 0.000 0.712
35 35 (0) 5 : 0.000 0.000 0.000 0.000 0.997 0.000 0.000 0.000 0.000 0.000 0.000 0.000 0.000 0.002
36 36 (0) 5 : 0.000 0.000 0.000 0.000 0.996 0.000 0.000 0.000 0.000 0.000 0.000 0.000 0.000 0.003
37 37 (0) 5 : 0.000 0.000 0.000 0.000 0.998 0.000 0.000 0.000 0.000 0.000 0.000 0.000 0.000 0.001
38 38 (0) 5 : 0.000 0.000 0.000 0.000 0.998 0.000 0.000 0.000 0.000 0.000 0.000 0.000 0.000 0.001
39 39 (0) 5 : 0.000 0.000 0.000 0.000 0.999 0.000 0.000 0.000 0.000 0.000 0.000 0.000 0.000 0.001
40 40 (0) 5 : 0.000 0.000 0.000 0.000 0.612 0.229 0.000 0.000 0.001 0.000 0.001 0.157 0.000 0.000
41 41 (0) 5 : 0.000 0.000 0.000 0.000 0.998 0.000 0.000 0.000 0.000 0.000 0.000 0.000 0.000 0.001
42 42 (0) 5 : 0.000 0.000 0.000 0.000 0.904 0.095 0.000 0.000 0.000 0.000 0.000 0.000 0.000 0.000
43 43 (0) 5 : 0.000 0.000 0.000 0.000 0.955 0.000 0.000 0.000 0.000 0.000 0.000 0.000 0.000 0.044
44 44 (0) 5 : 0.000 0.000 0.000 0.000 0.999 0.000 0.000 0.000 0.000 0.000 0.000 0.000 0.000 0.000
45 45 (0) 5 : 0.000 0.000 0.000 0.000 0.994 0.000 0.000 0.000 0.000 0.000 0.000 0.000 0.000 0.005
46 46 (0) 5 : 0.000 0.000 0.000 0.000 0.999 0.000 0.000 0.000 0.000 0.000 0.000 0.000 0.000 0.000
47 47 (0) 5 : 0.000 0.000 0.000 0.000 0.999 0.000 0.000 0.000 0.000 0.000 0.000 0.000 0.000 0.001
48 48 (0) 6 : 0.007 0.000 0.000 0.002 0.000 0.000 0.000 0.007 0.000 0.000 0.000 0.000 0.004 0.980
49 49 (0) 6 : 0.000 0.000 0.000 0.001 0.002 0.000 0.021 0.000 0.000 0.000 0.000 0.000 0.000 0.976
50 50 (0) 6 : 0.000 0.000 0.000 0.000 0.003 0.000 0.006 0.028 0.000 0.000 0.000 0.000 0.008 0.954
51 51 (0) 6 : 0.000 0.000 0.000 0.009 0.001 0.000 0.000 0.000 0.000 0.000 0.000 0.000 0.000 0.989
52 52 (0) 6 : 0.000 0.000 0.000 0.000 0.000 0.000 0.000 0.004 0.000 0.000 0.000 0.000 0.001 0.994
53 53 (0) 6 : 0.009 0.000 0.000 0.000 0.001 0.000 0.009 0.000 0.000 0.000 0.000 0.000 0.001 0.979
54 54 (0) 6 : 0.000 0.000 0.000 0.000 0.002 0.000 0.001 0.000 0.000 0.000 0.000 0.000 0.003 0.994
55 55 (0) 6 : 0.000 0.000 0.000 0.000 0.001 0.000 0.020 0.000 0.000 0.000 0.000 0.000 0.006 0.973
56 56 (0) 6 : 0.000 0.006 0.000 0.000 0.003 0.000 0.000 0.000 0.000 0.000 0.000 0.000 0.115 0.876
57 57 (0) 6 : 0.000 0.000 0.001 0.000 0.002 0.000 0.000 0.000 0.001 0.000 0.000 0.000 0.000 0.995
58 58 (0) 6 : 0.002 0.000 0.000 0.787 0.002 0.000 0.000 0.097 0.000 0.000 0.000 0.000 0.003 0.110
59 59 (0) 7 : 0.002 0.000 0.000 0.993 0.001 0.000 0.000 0.002 0.000 0.000 0.000 0.000 0.000 0.003
60 60 (0) 7 : 0.002 0.000 0.000 0.991 0.000 0.000 0.000 0.002 0.000 0.000 0.000 0.000 0.000 0.004
61 61 (0) 7 : 0.000 0.000 0.000 0.978 0.001 0.000 0.000 0.007 0.000 0.000 0.000 0.000 0.001 0.012
62 62 (0) 7 : 0.000 0.000 0.000 0.979 0.000 0.000 0.000 0.020 0.000 0.000 0.000 0.000 0.000 0.000
63 63 (0) 7 : 0.000 0.000 0.000 0.976 0.014 0.000 0.000 0.004 0.000 0.000 0.000 0.000 0.000 0.006
64 64 (0) 7 : 0.001 0.000 0.000 0.994 0.001 0.000 0.000 0.000 0.000 0.000 0.000 0.000 0.002 0.001
65 65 (0) 7 : 0.000 0.000 0.000 0.952 0.000 0.000 0.000 0.005 0.000 0.000 0.000 0.000 0.001 0.041
66 66 (0) 8 : 0.003 0.000 0.000 0.000 0.029 0.000 0.000 0.000 0.000 0.000 0.000 0.000 0.797 0.171
67 67 (0) 8 : 0.000 0.000 0.000 0.000 0.002 0.000 0.000 0.000 0.000 0.000 0.000 0.000 0.992 0.006
68 68 (0) 8 : 0.000 0.000 0.000 0.000 0.000 0.000 0.000 0.002 0.000 0.000 0.000 0.000 0.987 0.010
69 69 (0) 8 : 0.000 0.000 0.000 0.000 0.000 0.000 0.000 0.000 0.000 0.000 0.000 0.000 0.981 0.018
70 70 (0) 8 : 0.000 0.000 0.000 0.000 0.000 0.000 0.000 0.000 0.000 0.000 0.000 0.000 0.895 0.104
71 71 (0) 8 : 0.000 0.000 0.000 0.000 0.011 0.000 0.000 0.000 0.000 0.000 0.000 0.000 0.849 0.140
72 72 (0) 8 : 0.001 0.000 0.000 0.000 0.000 0.000 0.000 0.001 0.000 0.000 0.000 0.000 0.954 0.043
73 73 (0) 8 : 0.000 0.000 0.000 0.000 0.000 0.057 0.000 0.000 0.000 0.000 0.001 0.096 0.830 0.015
74 74 (0) 8 : 0.001 0.000 0.000 0.000 0.000 0.044 0.000 0.000 0.000 0.000 0.000 0.000 0.917 0.037
75 75 (0) 8 : 0.001 0.000 0.000 0.000 0.001 0.000 0.000 0.000 0.000 0.000 0.000 0.000 0.883 0.114
76 76 (0) 8 : 0.002 0.000 0.000 0.000 0.002 0.000 0.000 0.001 0.000 0.000 0.000 0.000 0.822 0.173
77 77 (0) 8 : 0.000 0.000 0.000 0.000 0.001 0.000 0.000 0.000 0.000 0.000 0.000 0.000 0.936 0.062
78 78 (0) 9 : 0.000 0.000 0.168 0.000 0.069 0.001 0.000 0.004 0.000 0.000 0.000 0.000 0.002 0.757
79 79 (0) 9 : 0.000 0.000 0.076 0.000 0.075 0.000 0.000 0.001 0.000 0.000 0.000 0.000 0.001 0.847
80 80 (0) 9 : 0.000 0.000 0.104 0.000 0.045 0.000 0.000 0.000 0.000 0.000 0.000 0.000 0.000 0.850
81 81 (0) 9 : 0.000 0.000 0.261 0.000 0.027 0.002 0.000 0.000 0.000 0.000 0.000 0.000 0.000 0.709
82 82 (0) 9 : 0.000 0.001 0.161 0.000 0.077 0.001 0.007 0.000 0.000 0.000 0.000 0.000 0.009 0.743
83 83 (0) 9 : 0.000 0.000 0.073 0.000 0.101 0.000 0.000 0.001 0.000 0.000 0.000 0.000 0.018 0.806
84 84 (0) 9 : 0.000 0.000 0.107 0.000 0.002 0.000 0.000 0.033 0.000 0.000 0.000 0.000 0.002 0.855
85 85 (0) 9 : 0.001 0.000 0.044 0.011 0.089 0.000 0.000 0.001 0.000 0.000 0.000 0.000 0.000 0.854
86 86 (0) 9 : 0.000 0.000 0.316 0.000 0.001 0.001 0.000 0.000 0.000 0.000 0.000 0.000 0.000 0.679
87 87 (0) 9 : 0.000 0.000 0.069 0.000 0.135 0.000 0.000 0.000 0.000 0.000 0.000 0.000 0.000 0.795
88 88 (0) 9 : 0.000 0.000 0.063 0.000 0.093 0.000 0.000 0.000 0.000 0.000 0.000 0.000 0.001 0.842
89 89 (0) 9 : 0.000 0.090 0.203 0.000 0.039 0.002 0.000 0.000 0.000 0.001 0.000 0.000 0.000 0.664
90 90 (0) 9 : 0.000 0.000 0.171 0.000 0.011 0.002 0.000 0.000 0.000 0.000 0.000 0.000 0.000 0.815
91 91 (0) 10 : 0.112 0.000 0.000 0.025 0.001 0.000 0.000 0.847 0.000 0.000 0.000 0.000 0.002 0.013
92 92 (0) 10 : 0.007 0.000 0.000 0.001 0.001 0.000 0.000 0.904 0.000 0.000 0.000 0.000 0.011 0.076
93 93 (0) 10 : 0.000 0.000 0.000 0.000 0.002 0.000 0.000 0.995 0.000 0.000 0.000 0.000 0.000 0.002
94 94 (0) 10 : 0.005 0.000 0.000 0.000 0.003 0.000 0.000 0.991 0.000 0.000 0.000 0.000 0.000 0.000
95 95 (0) 10 : 0.000 0.000 0.000 0.001 0.000 0.000 0.000 0.992 0.000 0.000 0.000 0.000 0.000 0.006
96 96 (0) 10 : 0.000 0.000 0.000 0.013 0.004 0.000 0.000 0.970 0.000 0.000 0.000 0.000 0.001 0.013
97 97 (0) 10 : 0.094 0.000 0.000 0.036 0.003 0.000 0.000 0.785 0.000 0.000 0.000 0.000 0.000 0.082
98 98 (0) 10 : 0.000 0.000 0.000 0.000 0.004 0.000 0.000 0.992 0.000 0.000 0.000 0.000 0.000 0.002
99 99 (0) 10 : 0.000 0.000 0.000 0.000 0.000 0.106 0.001 0.756 0.038 0.000 0.030 0.069 0.000 0.000
100 100 (0) 10 : 0.000 0.000 0.000 0.000 0.001 0.000 0.000 0.962 0.000 0.000 0.000 0.000 0.001 0.036
101 101 (0) 10 : 0.000 0.000 0.000 0.001 0.000 0.220 0.000 0.773 0.000 0.000 0.003 0.003 0.000 0.000
102 102 (0) 10 : 0.001 0.000 0.000 0.002 0.001 0.000 0.001 0.980 0.000 0.000 0.000 0.000 0.006 0.010
103 103 (0) 10 : 0.006 0.000 0.000 0.000 0.000 0.000 0.000 0.991 0.000 0.000 0.000 0.000 0.000 0.002
1 1 (0) 1 : 0.000 0.000 0.001 0.722 0.000 0.274 0.000 0.001 0.001 0.001 0.000 0.000 0.000 0.000
2 2 (0) 1 : 0.000 0.000 0.000 0.397 0.000 0.597 0.000 0.000 0.000 0.000 0.000 0.005 0.000 0.000
3 3 (0) 1 : 0.000 0.000 0.001 0.845 0.000 0.079 0.000 0.069 0.004 0.000 0.000 0.000 0.000 0.002
4 4 (0) 1 : 0.001 0.000 0.000 0.675 0.000 0.321 0.000 0.002 0.000 0.000 0.000 0.000 0.000 0.000
5 5 (0) 1 : 0.000 0.000 0.000 0.010 0.000 0.989 0.000 0.000 0.000 0.000 0.000 0.000 0.000 0.000
6 6 (0) 1 : 0.000 0.000 0.000 0.371 0.000 0.000 0.000 0.000 0.628 0.000 0.000 0.000 0.000 0.000
7 7 (0) 1 : 0.000 0.000 0.000 0.627 0.000 0.000 0.000 0.001 0.369 0.001 0.000 0.000 0.000 0.000
8 8 (0) 1 : 0.001 0.000 0.000 0.702 0.001 0.252 0.000 0.005 0.018 0.002 0.000 0.002 0.017 0.000
9 9 (0) 1 : 0.000 0.000 0.000 0.568 0.000 0.278 0.000 0.001 0.153 0.000 0.000 0.000 0.000 0.000
10 10 (0) 1 : 0.000 0.000 0.000 0.121 0.000 0.000 0.000 0.000 0.000 0.000 0.000 0.000 0.878 0.000
11 11 (0) 1 : 0.000 0.000 0.000 0.887 0.000 0.000 0.000 0.066 0.005 0.008 0.000 0.000 0.000 0.033
12 12 (0) 1 : 0.000 0.000 0.000 0.318 0.000 0.180 0.062 0.000 0.000 0.000 0.000 0.142 0.297 0.000
13 13 (0) 2 : 0.000 0.000 0.000 0.000 0.000 0.000 0.000 0.000 0.000 0.000 1.000 0.000 0.000 0.000
14 14 (0) 2 : 0.000 0.000 0.000 0.000 0.000 0.000 0.000 0.000 0.000 0.000 1.000 0.000 0.000 0.000
15 15 (0) 2 : 0.000 0.000 0.000 0.000 0.000 0.000 0.000 0.000 0.000 0.000 1.000 0.000 0.000 0.000
16 16 (0) 3 : 0.000 0.000 0.000 0.005 0.853 0.000 0.000 0.000 0.000 0.046 0.000 0.000 0.000 0.095
17 17 (0) 3 : 0.000 0.000 0.000 0.000 0.998 0.000 0.000 0.000 0.000 0.000 0.000 0.000 0.000 0.000
18 18 (0) 3 : 0.000 0.000 0.000 0.007 0.906 0.000 0.000 0.001 0.000 0.000 0.000 0.000 0.000 0.085
19 19 (0) 3 : 0.000 0.000 0.000 0.000 0.248 0.000 0.751 0.000 0.000 0.000 0.000 0.000 0.000 0.000
20 20 (0) 3 : 0.000 0.000 0.000 0.000 0.364 0.000 0.000 0.000 0.000 0.000 0.000 0.000 0.636 0.000
21 21 (0) 3 : 0.000 0.000 0.000 0.107 0.855 0.000 0.000 0.003 0.000 0.001 0.000 0.000 0.000 0.034
22 22 (0) 3 : 0.000 0.000 0.000 0.000 0.661 0.000 0.053 0.000 0.000 0.000 0.000 0.088 0.197 0.000
23 23 (0) 3 : 0.000 0.000 0.000 0.142 0.747 0.000 0.000 0.000 0.000 0.006 0.000 0.000 0.000 0.104
24 24 (0) 3 : 0.000 0.000 0.000 0.054 0.846 0.000 0.000 0.008 0.000 0.002 0.000 0.000 0.000 0.089
25 25 (0) 3 : 0.000 0.000 0.000 0.002 0.875 0.016 0.024 0.000 0.000 0.001 0.000 0.010 0.065 0.005
26 26 (0) 3 : 0.000 0.000 0.000 0.003 0.994 0.000 0.000 0.002 0.000 0.001 0.000 0.000 0.000 0.000
27 27 (0) 3 : 0.000 0.000 0.000 0.001 0.997 0.000 0.000 0.000 0.000 0.000 0.000 0.000 0.000 0.000
28 28 (0) 4 : 0.272 0.000 0.000 0.727 0.000 0.000 0.000 0.000 0.000 0.000 0.000 0.000 0.000 0.000
29 29 (0) 4 : 0.232 0.000 0.000 0.767 0.000 0.000 0.000 0.000 0.000 0.000 0.000 0.000 0.000 0.000
30 30 (0) 4 : 0.240 0.000 0.000 0.759 0.000 0.000 0.000 0.000 0.000 0.000 0.000 0.000 0.000 0.000
31 31 (0) 4 : 0.304 0.000 0.000 0.695 0.000 0.000 0.000 0.000 0.000 0.000 0.000 0.000 0.000 0.001
32 32 (0) 4 : 0.379 0.000 0.000 0.619 0.000 0.000 0.000 0.002 0.000 0.000 0.000 0.000 0.000 0.000
33 33 (0) 4 : 0.253 0.000 0.000 0.746 0.000 0.000 0.000 0.001 0.000 0.000 0.000 0.000 0.000 0.000
34 34 (0) 4 : 0.260 0.000 0.000 0.740 0.000 0.000 0.000 0.000 0.000 0.000 0.000 0.000 0.000 0.000
35 35 (0) 5 : 0.000 0.000 0.000 0.004 0.000 0.000 0.000 0.995 0.000 0.000 0.000 0.000 0.000 0.000
36 36 (0) 5 : 0.000 0.000 0.000 0.004 0.000 0.000 0.000 0.996 0.000 0.000 0.000 0.000 0.000 0.000
37 37 (0) 5 : 0.000 0.000 0.000 0.001 0.000 0.000 0.000 0.998 0.000 0.000 0.000 0.000 0.000 0.000
38 38 (0) 5 : 0.000 0.000 0.000 0.001 0.000 0.000 0.000 0.998 0.000 0.000 0.000 0.000 0.000 0.000
39 39 (0) 5 : 0.000 0.000 0.000 0.000 0.000 0.000 0.000 0.999 0.000 0.000 0.000 0.000 0.000 0.000
40 40 (0) 5 : 0.000 0.000 0.000 0.000 0.000 0.000 0.000 0.594 0.000 0.000 0.000 0.406 0.000 0.000
41 41 (0) 5 : 0.000 0.000 0.000 0.001 0.000 0.000 0.000 0.998 0.000 0.000 0.000 0.000 0.000 0.000
42 42 (0) 5 : 0.000 0.000 0.000 0.000 0.000 0.000 0.115 0.885 0.000 0.000 0.000 0.000 0.000 0.000
43 43 (0) 5 : 0.000 0.000 0.000 0.044 0.000 0.000 0.000 0.955 0.000 0.000 0.000 0.000 0.000 0.000
44 44 (0) 5 : 0.000 0.000 0.000 0.000 0.000 0.000 0.000 0.999 0.000 0.000 0.000 0.000 0.000 0.000
45 45 (0) 5 : 0.001 0.000 0.000 0.003 0.000 0.000 0.000 0.996 0.000 0.000 0.000 0.000 0.000 0.000
46 46 (0) 5 : 0.000 0.000 0.000 0.000 0.000 0.000 0.000 0.999 0.000 0.000 0.000 0.000 0.000 0.000
47 47 (0) 5 : 0.000 0.000 0.000 0.001 0.000 0.000 0.000 0.999 0.000 0.000 0.000 0.000 0.000 0.000
48 48 (0) 6 : 0.003 0.002 0.000 0.980 0.006 0.000 0.000 0.000 0.000 0.003 0.000 0.000 0.000 0.006
49 49 (0) 6 : 0.016 0.000 0.000 0.980 0.000 0.000 0.000 0.002 0.000 0.000 0.000 0.000 0.000 0.000
50 50 (0) 6 : 0.001 0.000 0.000 0.959 0.000 0.000 0.000 0.004 0.000 0.003 0.000 0.000 0.000 0.031
51 51 (0) 6 : 0.000 0.009 0.000 0.990 0.000 0.000 0.000 0.001 0.000 0.000 0.000 0.000 0.000 0.000
52 52 (0) 6 : 0.000 0.000 0.000 0.993 0.000 0.000 0.000 0.000 0.000 0.001 0.000 0.000 0.000 0.005
53 53 (0) 6 : 0.003 0.000 0.000 0.980 0.016 0.000 0.000 0.000 0.000 0.001 0.000 0.000 0.000 0.000
54 54 (0) 6 : 0.002 0.000 0.000 0.993 0.000 0.000 0.000 0.001 0.000 0.003 0.000 0.000 0.000 0.000
55 55 (0) 6 : 0.006 0.000 0.000 0.985 0.000 0.000 0.000 0.001 0.000 0.007 0.000 0.000 0.000 0.000
56 56 (0) 6 : 0.000 0.000 0.000 0.876 0.000 0.000 0.000 0.003 0.005 0.115 0.000 0.000 0.000 0.000
57 57 (0) 6 : 0.003 0.000 0.000 0.993 0.000 0.000 0.000 0.002 0.000 0.000 0.000 0.000 0.001 0.000
58 58 (0) 6 : 0.000 0.787 0.000 0.101 0.001 0.000 0.000 0.004 0.000 0.001 0.000 0.000 0.000 0.105
59 59 (0) 7 : 0.000 0.990 0.000 0.003 0.002 0.000 0.000 0.001 0.000 0.000 0.000 0.000 0.000 0.004
60 60 (0) 7 : 0.000 0.993 0.000 0.003 0.001 0.000 0.000 0.000 0.000 0.000 0.000 0.000 0.000 0.001
61 61 (0) 7 : 0.000 0.978 0.000 0.010 0.000 0.000 0.000 0.001 0.000 0.000 0.000 0.000 0.000 0.009
62 62 (0) 7 : 0.000 0.978 0.000 0.001 0.000 0.000 0.000 0.000 0.000 0.000 0.000 0.000 0.000 0.021
63 63 (0) 7 : 0.000 0.977 0.000 0.003 0.000 0.000 0.000 0.016 0.000 0.001 0.000 0.000 0.000 0.003
64 64 (0) 7 : 0.000 0.995 0.000 0.001 0.000 0.000 0.000 0.001 0.000 0.001 0.000 0.000 0.000 0.001
65 65 (0) 7 : 0.000 0.952 0.000 0.038 0.000 0.000 0.000 0.000 0.000 0.001 0.000 0.000 0.000 0.009
66 66 (0) 8 : 0.000 0.000 0.000 0.170 0.005 0.000 0.000 0.023 0.000 0.801 0.000 0.000 0.000 0.000
67 67 (0) 8 : 0.000 0.000 0.000 0.003 0.000 0.000 0.000 0.001 0.000 0.995 0.000 0.000 0.000 0.000
68 68 (0) 8 : 0.000 0.000 0.000 0.006 0.000 0.000 0.000 0.000 0.000 0.992 0.000 0.000 0.000 0.001
69 69 (0) 8 : 0.000 0.000 0.000 0.009 0.000 0.000 0.000 0.000 0.000 0.990 0.000 0.000 0.000 0.000
70 70 (0) 8 : 0.000 0.000 0.000 0.098 0.000 0.000 0.000 0.000 0.000 0.902 0.000 0.000 0.000 0.000
71 71 (0) 8 : 0.000 0.000 0.000 0.137 0.000 0.000 0.000 0.008 0.000 0.855 0.000 0.000 0.000 0.000
72 72 (0) 8 : 0.000 0.000 0.000 0.024 0.001 0.000 0.000 0.001 0.000 0.972 0.000 0.000 0.000 0.001
73 73 (0) 8 : 0.000 0.000 0.000 0.006 0.000 0.121 0.045 0.000 0.000 0.821 0.000 0.000 0.006 0.000
74 74 (0) 8 : 0.007 0.000 0.000 0.017 0.002 0.000 0.015 0.000 0.000 0.944 0.000 0.014 0.000 0.000
75 75 (0) 8 : 0.000 0.000 0.000 0.110 0.002 0.000 0.000 0.001 0.000 0.887 0.000 0.000 0.000 0.000
76 76 (0) 8 : 0.000 0.000 0.000 0.167 0.004 0.000 0.000 0.002 0.000 0.826 0.000 0.000 0.000 0.001
77 77 (0) 8 : 0.000 0.000 0.000 0.056 0.000 0.000 0.000 0.002 0.000 0.941 0.000 0.000 0.000 0.000
78 78 (0) 9 : 0.000 0.000 0.172 0.736 0.000 0.000 0.000 0.091 0.000 0.000 0.000 0.000 0.000 0.001
79 79 (0) 9 : 0.000 0.000 0.078 0.838 0.000 0.000 0.000 0.082 0.000 0.001 0.000 0.000 0.000 0.001
80 80 (0) 9 : 0.000 0.000 0.105 0.825 0.000 0.000 0.000 0.069 0.000 0.000 0.000 0.000 0.000 0.000
81 81 (0) 9 : 0.000 0.000 0.265 0.694 0.000 0.000 0.000 0.040 0.000 0.000 0.000 0.000 0.000 0.000
82 82 (0) 9 : 0.005 0.000 0.163 0.728 0.000 0.000 0.000 0.079 0.000 0.024 0.000 0.000 0.000 0.000
83 83 (0) 9 : 0.000 0.000 0.076 0.798 0.000 0.000 0.000 0.108 0.000 0.016 0.000 0.000 0.000 0.001
84 84 (0) 9 : 0.000 0.000 0.112 0.853 0.000 0.000 0.000 0.004 0.000 0.002 0.000 0.000 0.000 0.029
85 85 (0) 9 : 0.000 0.009 0.046 0.848 0.001 0.000 0.000 0.094 0.000 0.001 0.000 0.000 0.000 0.001
86 86 (0) 9 : 0.000 0.000 0.318 0.678 0.000 0.000 0.000 0.003 0.000 0.000 0.001 0.000 0.000 0.000
87 87 (0) 9 : 0.000 0.000 0.070 0.786 0.000 0.000 0.000 0.143 0.000 0.000 0.000 0.000 0.000 0.000
88 88 (0) 9 : 0.000 0.000 0.065 0.838 0.000 0.000 0.000 0.095 0.000 0.001 0.000 0.000 0.000 0.000
89 89 (0) 9 : 0.000 0.000 0.204 0.655 0.000 0.000 0.000 0.048 0.088 0.000 0.004 0.000 0.000 0.000
90 90 (0) 9 : 0.000 0.000 0.175 0.805 0.000 0.000 0.001 0.018 0.000 0.000 0.000 0.000 0.000 0.000
91 91 (0) 10 : 0.004 0.025 0.000 0.006 0.098 0.000 0.000 0.001 0.000 0.002 0.000 0.000 0.000 0.863
92 92 (0) 10 : 0.000 0.001 0.000 0.059 0.004 0.000 0.000 0.001 0.000 0.014 0.000 0.000 0.000 0.920
93 93 (0) 10 : 0.000 0.000 0.000 0.001 0.000 0.000 0.000 0.001 0.000 0.000 0.000 0.000 0.000 0.996
94 94 (0) 10 : 0.000 0.000 0.000 0.000 0.002 0.000 0.000 0.001 0.000 0.000 0.000 0.000 0.000 0.995
95 95 (0) 10 : 0.000 0.001 0.000 0.001 0.000 0.000 0.000 0.000 0.000 0.000 0.000 0.000 0.000 0.997
96 96 (0) 10 : 0.000 0.009 0.000 0.007 0.000 0.000 0.000 0.003 0.000 0.001 0.000 0.000 0.000 0.979
97 97 (0) 10 : 0.007 0.031 0.000 0.075 0.083 0.000 0.000 0.003 0.000 0.000 0.000 0.000 0.000 0.800
98 98 (0) 10 : 0.000 0.000 0.000 0.001 0.000 0.000 0.000 0.005 0.000 0.000 0.000 0.000 0.000 0.993
99 99 (0) 10 : 0.000 0.000 0.000 0.000 0.001 0.000 0.000 0.000 0.000 0.000 0.000 0.279 0.000 0.720
100 100 (0) 10 : 0.000 0.000 0.000 0.023 0.000 0.000 0.000 0.001 0.000 0.000 0.000 0.000 0.000 0.975
101 101 (0) 10 : 0.000 0.001 0.000 0.000 0.000 0.000 0.041 0.000 0.000 0.000 0.000 0.224 0.000 0.733
102 102 (0) 10 : 0.001 0.001 0.000 0.002 0.000 0.000 0.000 0.001 0.000 0.005 0.000 0.000 0.000 0.990
103 103 (0) 10 : 0.000 0.000 0.000 0.001 0.003 0.000 0.000 0.000 0.000 0.000 0.000 0.000 0.000 0.995
1 1 (0) 1 : 0.000 0.029 0.228 0.009 0.000 0.706 0.000 0.000 0.000 0.001 0.019 0.002 0.005 0.000
2 2 (0) 1 : 0.000 0.000 0.545 0.000 0.000 0.454 0.000 0.000 0.000 0.000 0.000 0.001 0.000 0.000
3 3 (0) 1 : 0.000 0.020 0.066 0.018 0.000 0.831 0.001 0.000 0.000 0.000 0.002 0.062 0.000 0.000
4 4 (0) 1 : 0.000 0.002 0.293 0.001 0.000 0.697 0.000 0.000 0.000 0.000 0.000 0.007 0.000 0.000
5 5 (0) 1 : 0.000 0.000 0.886 0.000 0.000 0.113 0.000 0.000 0.000 0.000 0.000 0.000 0.000 0.000
6 6 (0) 1 : 0.000 0.000 0.000 0.616 0.000 0.383 0.000 0.000 0.000 0.000 0.000 0.000 0.000 0.000
7 7 (0) 1 : 0.000 0.007 0.000 0.361 0.000 0.626 0.000 0.000 0.000 0.001 0.000 0.002 0.000 0.002
8 8 (0) 1 : 0.000 0.023 0.214 0.020 0.000 0.708 0.000 0.000 0.001 0.002 0.000 0.001 0.001 0.029
9 9 (0) 1 : 0.000 0.000 0.230 0.171 0.000 0.598 0.000 0.000 0.000 0.000 0.000 0.000 0.000 0.000
10 10 (0) 1 : 0.000 0.000 0.000 0.000 0.000 0.094 0.000 0.000 0.000 0.000 0.000 0.000 0.000 0.906
11 11 (0) 1 : 0.000 0.019 0.000 0.007 0.000 0.834 0.028 0.000 0.000 0.016 0.027 0.070 0.000 0.000
12 12 (0) 1 : 0.070 0.002 0.175 0.001 0.000 0.339 0.000 0.000 0.000 0.000 0.000 0.000 0.302 0.111
13 13 (0) 2 : 0.000 0.000 0.000 0.000 1.000 0.000 0.000 0.000 0.000 0.000 0.000 0.000 0.000 0.000
14 14 (0) 2 : 0.000 0.000 0.000 0.000 1.000 0.000 0.000 0.000 0.000 0.000 0.000 0.000 0.000 0.000
15 15 (0) 2 : 0.000 0.000 0.000 0.000 1.000 0.000 0.000 0.000 0.000 0.000 0.000 0.000 0.000 0.000
16 16 (0) 3 : 0.000 0.000 0.000 0.000 0.000 0.142 0.048 0.000 0.804 0.005 0.000 0.000 0.000 0.000
17 17 (0) 3 : 0.000 0.000 0.000 0.000 0.000 0.080 0.000 0.000 0.919 0.000 0.000 0.000 0.000 0.000
18 18 (0) 3 : 0.037 0.000 0.000 0.000 0.000 0.155 0.032 0.000 0.775 0.000 0.000 0.000 0.000 0.000
19 19 (0) 3 : 0.000 0.000 0.000 0.000 0.000 0.000 0.000 0.000 0.501 0.000 0.000 0.000 0.498 0.000
20 20 (0) 3 : 0.864 0.000 0.000 0.000 0.000 0.000 0.000 0.000 0.136 0.000 0.000 0.000 0.000 0.000
21 21 (0) 3 : 0.000 0.000 0.000 0.000 0.000 0.196 0.004 0.000 0.798 0.000 0.000 0.001 0.000 0.000
22 22 (0) 3 : 0.164 0.000 0.054 0.000 0.000 0.000 0.000 0.000 0.633 0.000 0.000 0.000 0.147 0.000
23 23 (0) 3 : 0.000 0.000 0.000 0.000 0.000 0.255 0.056 0.000 0.687 0.001 0.000 0.000 0.000 0.000
24 24 (0) 3 : 0.000 0.000 0.000 0.000 0.000 0.174 0.024 0.000 0.794 0.001 0.000 0.006 0.000 0.000
25 25 (0) 3 : 0.032 0.000 0.006 0.000 0.000 0.084 0.003 0.000 0.802 0.001 0.000 0.000 0.062 0.010
26 26 (0) 3 : 0.000 0.000 0.000 0.000 0.000 0.101 0.000 0.000 0.897 0.000 0.000 0.001 0.000 0.000
27 27 (0) 3 : 0.000 0.000 0.000 0.000 0.000 0.093 0.000 0.000 0.905 0.000 0.000 0.000 0.000 0.000
28 28 (0) 4 : 0.000 0.000 0.000 0.013 0.001 0.983 0.000 0.000 0.000 0.000 0.002 0.001 0.000 0.000
29 29 (0) 4 : 0.000 0.000 0.000 0.000 0.000 0.994 0.000 0.001 0.000 0.001 0.001 0.002 0.000 0.000
30 30 (0) 4 : 0.000 0.000 0.000 0.000 0.000 0.999 0.000 0.000 0.000 0.000 0.000 0.000 0.000 0.000
31 31 (0) 4 : 0.003 0.000 0.055 0.000 0.000 0.932 0.002 0.000 0.000 0.004 0.003 0.000 0.000 0.000
32 32 (0) 4 : 0.000 0.026 0.042 0.000 0.002 0.928 0.000 0.000 0.000 0.000 0.001 0.000 0.000 0.000
33 33 (0) 4 : 0.000 0.000 0.000 0.000 0.000 0.999 0.000 0.000 0.000 0.000 0.000 0.001 0.000 0.000
34 34 (0) 4 : 0.000 0.000 0.000 0.000 0.000 0.999 0.000 0.000 0.000 0.000 0.000 0.000 0.000 0.000
35 35 (0) 5 : 0.000 0.000 0.000 0.000 0.000 0.021 0.000 0.000 0.000 0.000 0.000 0.979 0.000 0.000
36 36 (0) 5 : 0.000 0.000 0.000 0.000 0.000 0.014 0.000 0.000 0.000 0.000 0.000 0.986 0.000 0.000
37 37 (0) 5 : 0.000 0.000 0.000 0.000 0.000 0.007 0.000 0.000 0.000 0.000 0.000 0.992 0.000 0.000
38 38 (0) 5 : 0.000 0.000 0.000 0.000 0.000 0.003 0.000 0.000 0.000 0.000 0.000 0.996 0.000 0.000
39 39 (0) 5 : 0.000 0.000 0.000 0.000 0.000 0.001 0.000 0.000 0.000 0.000 0.000 0.998 0.000 0.000
40 40 (0) 5 : 0.001 0.000 0.153 0.000 0.000 0.000 0.000 0.000 0.000 0.000 0.000 0.618 0.228 0.000
41 41 (0) 5 : 0.000 0.000 0.000 0.000 0.000 0.011 0.000 0.000 0.000 0.000 0.000 0.988 0.000 0.000
42 42 (0) 5 : 0.000 0.000 0.000 0.000 0.000 0.000 0.000 0.000 0.000 0.000 0.000 0.905 0.095 0.000
43 43 (0) 5 : 0.000 0.000 0.000 0.000 0.000 0.066 0.000 0.000 0.000 0.000 0.000 0.934 0.000 0.000
44 44 (0) 5 : 0.000 0.000 0.000 0.000 0.000 0.000 0.000 0.000 0.000 0.000 0.000 0.999 0.000 0.000
45 45 (0) 5 : 0.000 0.000 0.000 0.000 0.000 0.020 0.000 0.000 0.000 0.000 0.000 0.979 0.000 0.000
46 46 (0) 5 : 0.000 0.000 0.000 0.000 0.000 0.001 0.000 0.000 0.000 0.000 0.000 0.998 0.000 0.000
47 47 (0) 5 : 0.000 0.000 0.000 0.000 0.000 0.005 0.000 0.000 0.000 0.000 0.000 0.994 0.000 0.000
48 48 (0) 6 : 0.000 0.000 0.000 0.000 0.000 0.766 0.000 0.000 0.001 0.001 0.232 0.000 0.000 0.000
49 49 (0) 6 : 0.000 0.000 0.000 0.000 0.000 0.813 0.000 0.000 0.000 0.000 0.185 0.001 0.000 0.000
50 50 (0) 6 : 0.000 0.000 0.000 0.000 0.000 0.775 0.005 0.000 0.000 0.001 0.213 0.004 0.000 0.000
51 51 (0) 6 : 0.000 0.000 0.000 0.000 0.000 0.787 0.000 0.000 0.000 0.000 0.212 0.001 0.000 0.000
52 52 (0) 6 : 0.000 0.000 0.000 0.000 0.000 0.820 0.001 0.000 0.000 0.000 0.178 0.000 0.000 0.000
53 53 (0) 6 : 0.000 0.000 0.000 0.000 0.000 0.805 0.000 0.000 0.001 0.000 0.193 0.000 0.000 0.000
54 54 (0) 6 : 0.000 0.000 0.000 0.000 0.000 0.822 0.000 0.000 0.000 0.001 0.176 0.001 0.000 0.000
55 55 (0) 6 : 0.000 0.000 0.000 0.000 0.000 0.794 0.000 0.000 0.000 0.002 0.204 0.000 0.000 0.000
56 56 (0) 6 : 0.000 0.000 0.000 0.000 0.000 0.718 0.000 0.000 0.000 0.092 0.188 0.001 0.000 0.000
57 57 (0) 6 : 0.000 0.000 0.000 0.000 0.000 0.764 0.000 0.000 0.000 0.000 0.233 0.002 0.000 0.000
58 58 (0) 6 : 0.000 0.000 0.000 0.000 0.000 0.213 0.061 0.724 0.001 0.000 0.000 0.001 0.000 0.000
59 59 (0) 7 : 0.000 0.000 0.000 0.000 0.000 0.109 0.001 0.889 0.001 0.000 0.000 0.000 0.000 0.000
60 60 (0) 7 : 0.000 0.000 0.000 0.000 0.000 0.126 0.000 0.872 0.001 0.000 0.000 0.000 0.000 0.000
61 61 (0) 7 : 0.000 0.000 0.000 0.000 0.000 0.100 0.002 0.898 0.000 0.000 0.000 0.000 0.000 0.000
62 62 (0) 7 : 0.000 0.000 0.000 0.000 0.000 0.066 0.022 0.912 0.000 0.000 0.000 0.000 0.000 0.000
63 63 (0) 7 : 0.000 0.000 0.000 0.000 0.000 0.094 0.000 0.897 0.000 0.000 0.000 0.008 0.000 0.000
64 64 (0) 7 : 0.000 0.000 0.000 0.000 0.000 0.101 0.000 0.896 0.000 0.001 0.000 0.001 0.000 0.000
65 65 (0) 7 : 0.000 0.000 0.000 0.000 0.000 0.122 0.002 0.875 0.000 0.000 0.000 0.000 0.000 0.000
66 66 (0) 8 : 0.000 0.000 0.000 0.000 0.000 0.348 0.000 0.000 0.004 0.628 0.000 0.019 0.000 0.000
67 67 (0) 8 : 0.000 0.000 0.000 0.000 0.000 0.166 0.000 0.000 0.000 0.833 0.000 0.000 0.000 0.000
68 68 (0) 8 : 0.000 0.000 0.000 0.000 0.000 0.197 0.000 0.000 0.000 0.801 0.000 0.000 0.000 0.000
69 69 (0) 8 : 0.000 0.000 0.000 0.000 0.000 0.209 0.000 0.000 0.000 0.790 0.000 0.000 0.000 0.000
70 70 (0) 8 : 0.000 0.000 0.000 0.000 0.000 0.300 0.000 0.000 0.000 0.700 0.000 0.000 0.000 0.000
71 71 (0) 8 : 0.000 0.000 0.000 0.000 0.000 0.332 0.000 0.000 0.000 0.667 0.000 0.001 0.000 0.000
72 72 (0) 8 : 0.000 0.000 0.000 0.000 0.000 0.234 0.000 0.000 0.000 0.764 0.000 0.000 0.000 0.000
73 73 (0) 8 : 0.000 0.000 0.093 0.000 0.000 0.156 0.000 0.000 0.000 0.695 0.000 0.000 0.055 0.000
74 74 (0) 8 : 0.000 0.000 0.000 0.000 0.000 0.209 0.000 0.000 0.001 0.743 0.000 0.000 0.046 0.000
75 75 (0) 8 : 0.000 0.000 0.000 0.000 0.000 0.277 0.000 0.000 0.001 0.722 0.000 0.000 0.000 0.000
76 76 (0) 8 : 0.000 0.000 0.000 0.000 0.000 0.322 0.001 0.000 0.003 0.670 0.002 0.001 0.000 0.000
77 77 (0) 8 : 0.000 0.000 0.000 0.000 0.000 0.217 0.000 0.000 0.000 0.781 0.000 0.001 0.000 0.000
78 78 (0) 9 : 0.000 0.209 0.000 0.000 0.000 0.739 0.000 0.000 0.000 0.001 0.000 0.050 0.000 0.000
79 79 (0) 9 : 0.000 0.120 0.000 0.000 0.000 0.797 0.000 0.000 0.000 0.000 0.001 0.081 0.000 0.000
80 80 (0) 9 : 0.000 0.143 0.000 0.000 0.000 0.812 0.000 0.000 0.000 0.000 0.000 0.044 0.000 0.000
81 81 (0) 9 : 0.000 0.292 0.000 0.000 0.000 0.662 0.000 0.000 0.000 0.000 0.000 0.045 0.000 0.000
82 82 (0) 9 : 0.000 0.175 0.000 0.001 0.000 0.756 0.000 0.000 0.000 0.014 0.000 0.054 0.000 0.000
83 83 (0) 9 : 0.000 0.108 0.000 0.000 0.000 0.789 0.000 0.000 0.000 0.009 0.000 0.094 0.000 0.000
84 84 (0) 9 : 0.000 0.141 0.000 0.000 0.000 0.851 0.003 0.000 0.000 0.000 0.000 0.003 0.000 0.000
85 85 (0) 9 : 0.000 0.083 0.000 0.000 0.000 0.830 0.000 0.001 0.000 0.000 0.000 0.084 0.000 0.000
86 86 (0) 9 : 0.000 0.349 0.000 0.000 0.001 0.649 0.000 0.000 0.000 0.000 0.000 0.001 0.000 0.000
87 87 (0) 9 : 0.000 0.107 0.000 0.000 0.000 0.758 0.000 0.000 0.000 0.000 0.000 0.134 0.000 0.000
88 88 (0) 9 : 0.000 0.089 0.000 0.000 0.000 0.791 0.000 0.000 0.000 0.001 0.032 0.088 0.000 0.000
89 89 (0) 9 : 0.000 0.191 0.000 0.092 0.013 0.680 0.000 0.000 0.000 0.000 0.000 0.024 0.000 0.000
90 90 (0) 9 : 0.000 0.211 0.000 0.000 0.000 0.781 0.000 0.000 0.000 0.000 0.000 0.007 0.000 0.000
91 91 (0) 10 : 0.000 0.000 0.000 0.000 0.000 0.133 0.744 0.022 0.099 0.001 0.000 0.002 0.000 0.000
92 92 (0) 10 : 0.000 0.000 0.000 0.000 0.000 0.211 0.782 0.001 0.003 0.001 0.000 0.001 0.000 0.000
93 93 (0) 10 : 0.000 0.000 0.000 0.000 0.000 0.136 0.862 0.000 0.000 0.000 0.000 0.001 0.000 0.000
94 94 (0) 10 : 0.000 0.000 0.000 0.000 0.000 0.134 0.854 0.000 0.004 0.000 0.000 0.007 0.000 0.000
95 95 (0) 10 : 0.000 0.000 0.000 0.000 0.000 0.154 0.845 0.000 0.000 0.000 0.000 0.000 0.000 0.000
96 96 (0) 10 : 0.000 0.000 0.000 0.000 0.000 0.180 0.814 0.005 0.000 0.000 0.000 0.001 0.000 0.000
97 97 (0) 10 : 0.000 0.000 0.000 0.000 0.000 0.187 0.698 0.025 0.087 0.000 0.000 0.001 0.000 0.000
98 98 (0) 10 : 0.000 0.000 0.000 0.000 0.000 0.121 0.874 0.000 0.000 0.000 0.000 0.005 0.000 0.000
99 99 (0) 10 : 0.037 0.000 0.059 0.000 0.000 0.003 0.759 0.000 0.001 0.000 0.000 0.000 0.113 0.027
100 100 (0) 10 : 0.000 0.000 0.000 0.000 0.000 0.175 0.823 0.000 0.000 0.000 0.000 0.001 0.000 0.000
101 101 (0) 10 : 0.000 0.000 0.002 0.000 0.000 0.013 0.763 0.001 0.000 0.000 0.000 0.000 0.218 0.002
102 102 (0) 10 : 0.000 0.000 0.000 0.000 0.000 0.172 0.826 0.000 0.001 0.001 0.000 0.000 0.000 0.000
103 103 (0) 10 : 0.000 0.000 0.000 0.000 0.000 0.148 0.848 0.000 0.003 0.000 0.000 0.000 0.000 0.000
1 1 (0) 1 : 0.002 0.239 0.015 0.003 0.000 0.000 0.002 0.698 0.040 0.000 0.000 0.000 0.000 0.001
2 2 (0) 1 : 0.000 0.554 0.000 0.000 0.000 0.000 0.001 0.445 0.000 0.000 0.000 0.000 0.000 0.000
3 3 (0) 1 : 0.000 0.066 0.001 0.016 0.000 0.000 0.060 0.826 0.029 0.001 0.000 0.000 0.000 0.000
4 4 (0) 1 : 0.000 0.299 0.000 0.001 0.000 0.000 0.006 0.691 0.003 0.000 0.000 0.000 0.000 0.000
5 5 (0) 1 : 0.000 0.902 0.000 0.000 0.000 0.000 0.000 0.097 0.000 0.000 0.000 0.000 0.000 0.000
6 6 (0) 1 : 0.000 0.000 0.000 0.617 0.000 0.000 0.000 0.382 0.000 0.000 0.000 0.000 0.000 0.000
7 7 (0) 1 : 0.000 0.000 0.000 0.358 0.000 0.000 0.001 0.623 0.012 0.000 0.002 0.000 0.000 0.002
8 8 (0) 1 : 0.001 0.224 0.001 0.015 0.000 0.001 0.003 0.701 0.024 0.001 0.028 0.000 0.000 0.001
9 9 (0) 1 : 0.000 0.238 0.000 0.169 0.000 0.000 0.000 0.592 0.000 0.000 0.000 0.000 0.000 0.000
10 10 (0) 1 : 0.000 0.000 0.000 0.000 0.000 0.000 0.000 0.100 0.000 0.000 0.899 0.000 0.000 0.000
11 11 (0) 1 : 0.000 0.000 0.020 0.004 0.000 0.000 0.069 0.829 0.032 0.025 0.000 0.000 0.000 0.020
12 12 (0) 1 : 0.301 0.179 0.000 0.003 0.000 0.000 0.000 0.334 0.004 0.000 0.109 0.000 0.069 0.000
13 13 (0) 2 : 0.000 0.000 0.000 0.000 0.000 0.000 0.000 0.000 0.000 0.000 0.000 1.000 0.000 0.000
14 14 (0) 2 : 0.000 0.000 0.000 0.000 0.000 0.000 0.000 0.000 0.000 0.000 0.000 1.000 0.000 0.000
15 15 (0) 2 : 0.000 0.000 0.000 0.000 0.000 0.000 0.000 0.000 0.000 0.000 0.000 1.000 0.000 0.000
16 16 (0) 3 : 0.000 0.000 0.000 0.000 0.000 0.808 0.000 0.132 0.000 0.051 0.000 0.000 0.000 0.008
17 17 (0) 3 : 0.000 0.000 0.000 0.000 0.000 0.924 0.000 0.075 0.000 0.000 0.000 0.000 0.000 0.000
18 18 (0) 3 : 0.000 0.000 0.000 0.000 0.000 0.783 0.000 0.155 0.000 0.024 0.000 0.000 0.037 0.000
19 19 (0) 3 : 0.500 0.000 0.000 0.000 0.000 0.500 0.000 0.000 0.000 0.000 0.000 0.000 0.000 0.000
20 20 (0) 3 : 0.000 0.000 0.000 0.000 0.000 0.141 0.000 0.000 0.000 0.000 0.000 0.000 0.859 0.000
21 21 (0) 3 : 0.000 0.000 0.000 0.000 0.000 0.804 0.001 0.191 0.000 0.003 0.000 0.000 0.000 0.001
22 22 (0) 3 : 0.154 0.048 0.000 0.000 0.000 0.636 0.000 0.000 0.000 0.000 0.000 0.000 0.161 0.000
23 23 (0) 3 : 0.000 0.000 0.000 0.000 0.000 0.692 0.000 0.249 0.000 0.057 0.000 0.000 0.000 0.001
24 24 (0) 3 : 0.000 0.000 0.000 0.000 0.000 0.797 0.001 0.178 0.000 0.022 0.000 0.000 0.000 0.001
25 25 (0) 3 : 0.062 0.002 0.000 0.000 0.000 0.810 0.000 0.079 0.000 0.002 0.012 0.000 0.031 0.001
26 26 (0) 3 : 0.000 0.000 0.000 0.000 0.000 0.903 0.001 0.095 0.000 0.000 0.000 0.000 0.000 0.000
27 27 (0) 3 : 0.000 0.000 0.000 0.000 0.000 0.911 0.000 0.088 0.000 0.000 0.000 0.000 0.000 0.000
28 28 (0) 4 : 0.000 0.000 0.001 0.012 0.000 0.000 0.003 0.982 0.000 0.000 0.000 0.000 0.000 0.000
29 29 (0) 4 : 0.000 0.000 0.001 0.000 0.001 0.000 0.001 0.995 0.000 0.000 0.000 0.000 0.000 0.001
30 30 (0) 4 : 0.000 0.000 0.000 0.000 0.000 0.000 0.000 0.999 0.000 0.000 0.000 0.000 0.000 0.000
31 31 (0) 4 : 0.000 0.058 0.003 0.000 0.000 0.000 0.000 0.928 0.000 0.002 0.000 0.000 0.002 0.007
32 32 (0) 4 : 0.001 0.044 0.001 0.000 0.000 0.000 0.001 0.929 0.022 0.000 0.000 0.002 0.000 0.000
33 33 (0) 4 : 0.000 0.000 0.000 0.000 0.000 0.000 0.001 0.998 0.000 0.000 0.000 0.000 0.000 0.000
34 34 (0) 4 : 0.000 0.000 0.000 0.000 0.000 0.000 0.000 0.999 0.000 0.000 0.000 0.000 0.000 0.000
35 35 (0) 5 : 0.000 0.000 0.000 0.000 0.000 0.000 0.982 0.017 0.000 0.000 0.000 0.000 0.000 0.000
36 36 (0) 5 : 0.000 0.000 0.000 0.000 0.000 0.000 0.988 0.012 0.000 0.000 0.000 0.000 0.000 0.000
37 37 (0) 5 : 0.000 0.000 0.000 0.000 0.000 0.000 0.995 0.005 0.000 0.000 0.000 0.000 0.000 0.000
38 38 (0) 5 : 0.000 0.000 0.000 0.000 0.000 0.000 0.997 0.002 0.000 0.000 0.000 0.000 0.000 0.000
39 39 (0) 5 : 0.000 0.000 0.000 0.000 0.000 0.000 0.999 0.000 0.000 0.000 0.000 0.000 0.000 0.000
40 40 (0) 5 : 0.227 0.157 0.000 0.000 0.000 0.000 0.615 0.000 0.000 0.000 0.000 0.000 0.000 0.000
41 41 (0) 5 : 0.000 0.000 0.000 0.000 0.000 0.000 0.992 0.008 0.000 0.000 0.000 0.000 0.000 0.000
42 42 (0) 5 : 0.095 0.000 0.000 0.000 0.000 0.000 0.904 0.000 0.000 0.000 0.000 0.000 0.000 0.000
43 43 (0) 5 : 0.000 0.000 0.000 0.000 0.000 0.000 0.937 0.063 0.000 0.000 0.000 0.000 0.000 0.000
44 44 (0) 5 : 0.000 0.000 0.000 0.000 0.000 0.000 0.999 0.000 0.000 0.000 0.000 0.000 0.000 0.000
45 45 (0) 5 : 0.000 0.000 0.000 0.000 0.000 0.000 0.976 0.023 0.000 0.000 0.000 0.000 0.000 0.000
46 46 (0) 5 : 0.000 0.000 0.000 0.000 0.000 0.000 0.998 0.001 0.000 0.000 0.000 0.000 0.000 0.000
47 47 (0) 5 : 0.000 0.000 0.000 0.000 0.000 0.000 0.995 0.004 0.000 0.000 0.000 0.000 0.000 0.000
48 48 (0) 6 : 0.000 0.000 0.233 0.000 0.000 0.001 0.000 0.764 0.000 0.000 0.000 0.000 0.000 0.001
49 49 (0) 6 : 0.000 0.000 0.185 0.000 0.000 0.000 0.002 0.812 0.001 0.000 0.000 0.000 0.000 0.000
50 50 (0) 6 : 0.000 0.000 0.214 0.000 0.000 0.001 0.005 0.774 0.000 0.004 0.000 0.000 0.000 0.001
51 51 (0) 6 : 0.000 0.000 0.212 0.000 0.000 0.000 0.001 0.787 0.000 0.000 0.000 0.000 0.000 0.000
52 52 (0) 6 : 0.000 0.000 0.179 0.000 0.000 0.000 0.001 0.819 0.000 0.001 0.000 0.000 0.000 0.000
53 53 (0) 6 : 0.000 0.000 0.193 0.000 0.000 0.001 0.000 0.805 0.000 0.000 0.000 0.000 0.000 0.000
54 54 (0) 6 : 0.000 0.000 0.177 0.000 0.000 0.000 0.001 0.820 0.000 0.000 0.000 0.000 0.000 0.001
55 55 (0) 6 : 0.000 0.000 0.202 0.000 0.000 0.000 0.000 0.794 0.000 0.000 0.000 0.000 0.000 0.003
56 56 (0) 6 : 0.000 0.000 0.189 0.000 0.000 0.000 0.001 0.715 0.000 0.000 0.000 0.000 0.000 0.094
57 57 (0) 6 : 0.000 0.000 0.232 0.000 0.000 0.000 0.002 0.765 0.000 0.000 0.000 0.000 0.000 0.000
58 58 (0) 6 : 0.000 0.000 0.000 0.000 0.731 0.000 0.001 0.205 0.000 0.063 0.000 0.000 0.000 0.000
59 59 (0) 7 : 0.000 0.000 0.000 0.000 0.901 0.001 0.000 0.095 0.000 0.002 0.000 0.000 0.000 0.000
60 60 (0) 7 : 0.000 0.000 0.000 0.000 0.888 0.002 0.000 0.109 0.000 0.001 0.000 0.000 0.000 0.000
61 61 (0) 7 : 0.000 0.000 0.000 0.000 0.910 0.000 0.000 0.088 0.000 0.001 0.000 0.000 0.000 0.000
62 62 (0) 7 : 0.000 0.000 0.000 0.000 0.919 0.000 0.000 0.060 0.000 0.019 0.000 0.000 0.000 0.000
63 63 (0) 7 : 0.000 0.000 0.000 0.000 0.906 0.000 0.008 0.084 0.000 0.001 0.000 0.000 0.000 0.000
64 64 (0) 7 : 0.000 0.000 0.000 0.000 0.908 0.000 0.000 0.090 0.000 0.000 0.000 0.000 0.000 0.001
65 65 (0) 7 : 0.000 0.000 0.000 0.000 0.884 0.000 0.000 0.112 0.000 0.003 0.000 0.000 0.000 0.000
66 66 (0) 8 : 0.000 0.000 0.000 0.000 0.000 0.004 0.019 0.342 0.000 0.000 0.000 0.000 0.000 0.634
67 67 (0) 8 : 0.000 0.000 0.000 0.000 0.000 0.000 0.000 0.161 0.000 0.000 0.000 0.000 0.000 0.838
68 68 (0) 8 : 0.000 0.000 0.000 0.000 0.000 0.000 0.000 0.192 0.000 0.000 0.000 0.000 0.000 0.807
69 69 (0) 8 : 0.000 0.000 0.000 0.000 0.000 0.000 0.000 0.205 0.000 0.000 0.000 0.000 0.000 0.795
70 70 (0) 8 : 0.000 0.000 0.000 0.000 0.000 0.000 0.000 0.293 0.000 0.000 0.000 0.000 0.000 0.706
71 71 (0) 8 : 0.000 0.000 0.000 0.000 0.000 0.000 0.001 0.325 0.000 0.000 0.000 0.000 0.000 0.674
72 72 (0) 8 : 0.000 0.000 0.000 0.000 0.000 0.001 0.000 0.224 0.000 0.000 0.000 0.000 0.000 0.774
73 73 (0) 8 : 0.055 0.096 0.000 0.000 0.000 0.000 0.000 0.144 0.000 0.000 0.001 0.000 0.000 0.704
74 74 (0) 8 : 0.046 0.000 0.000 0.000 0.000 0.001 0.000 0.204 0.000 0.000 0.000 0.000 0.000 0.748
75 75 (0) 8 : 0.000 0.000 0.000 0.000 0.000 0.001 0.000 0.271 0.000 0.000 0.000 0.000 0.000 0.727
76 76 (0) 8 : 0.000 0.000 0.003 0.000 0.000 0.005 0.001 0.315 0.000 0.001 0.000 0.000 0.000 0.675
77 77 (0) 8 : 0.000 0.000 0.000 0.000 0.000 0.000 0.000 0.213 0.000 0.000 0.000 0.000 0.000 0.786
78 78 (0) 9 : 0.000 0.000 0.000 0.000 0.000 0.000 0.042 0.725 0.232 0.000 0.000 0.000 0.000 0.000
79 79 (0) 9 : 0.000 0.000 0.001 0.000 0.000 0.000 0.076 0.786 0.137 0.000 0.000 0.000 0.000 0.000
80 80 (0) 9 : 0.000 0.000 0.000 0.000 0.000 0.000 0.033 0.805 0.162 0.000 0.000 0.000 0.000 0.000
81 81 (0) 9 : 0.000 0.000 0.000 0.000 0.000 0.000 0.026 0.652 0.321 0.000 0.000 0.000 0.000 0.000
82 82 (0) 9 : 0.000 0.000 0.000 0.000 0.000 0.000 0.045 0.751 0.195 0.000 0.000 0.000 0.000 0.008
83 83 (0) 9 : 0.000 0.000 0.000 0.000 0.000 0.000 0.092 0.774 0.124 0.000 0.000 0.000 0.000 0.009
84 84 (0) 9 : 0.000 0.000 0.000 0.000 0.000 0.000 0.001 0.837 0.159 0.002 0.000 0.000 0.000 0.001
85 85 (0) 9 : 0.000 0.000 0.000 0.000 0.001 0.000 0.079 0.819 0.099 0.000 0.000 0.000 0.000 0.000
86 86 (0) 9 : 0.000 0.089 0.001 0.000 0.000 0.000 0.001 0.651 0.248 0.000 0.003 0.005 0.000 0.001
87 87 (0) 9 : 0.000 0.000 0.000 0.000 0.000 0.000 0.132 0.745 0.122 0.000 0.000 0.000 0.000 0.000
88 88 (0) 9 : 0.000 0.000 0.030 0.000 0.000 0.000 0.084 0.781 0.103 0.000 0.000 0.000 0.000 0.001
89 89 (0) 9 : 0.000 0.000 0.000 0.092 0.000 0.000 0.017 0.667 0.212 0.000 0.000 0.012 0.000 0.000
90 90 (0) 9 : 0.000 0.000 0.000 0.000 0.000 0.000 0.004 0.762 0.233 0.000 0.000 0.000 0.000 0.000
91 91 (0) 10 : 0.000 0.000 0.000 0.000 0.023 0.101 0.001 0.121 0.000 0.752 0.000 0.000 0.000 0.001
92 92 (0) 10 : 0.000 0.000 0.000 0.000 0.001 0.004 0.000 0.191 0.000 0.795 0.000 0.000 0.000 0.007
93 93 (0) 10 : 0.000 0.000 0.000 0.000 0.000 0.001 0.001 0.124 0.000 0.874 0.000 0.000 0.000 0.000
94 94 (0) 10 : 0.000 0.000 0.000 0.000 0.000 0.003 0.003 0.126 0.000 0.867 0.000 0.000 0.000 0.000
95 95 (0) 10 : 0.000 0.000 0.000 0.000 0.000 0.000 0.000 0.141 0.000 0.858 0.000 0.000 0.000 0.000
96 96 (0) 10 : 0.000 0.000 0.000 0.000 0.004 0.000 0.001 0.163 0.000 0.831 0.000 0.000 0.000 0.001
97 97 (0) 10 : 0.000 0.000 0.000 0.000 0.034 0.085 0.001 0.178 0.000 0.701 0.000 0.000 0.000 0.000
98 98 (0) 10 : 0.000 0.000 0.000 0.000 0.000 0.000 0.002 0.117 0.000 0.880 0.000 0.000 0.000 0.000
99 99 (0) 10 : 0.103 0.069 0.000 0.000 0.000 0.001 0.000 0.009 0.000 0.751 0.029 0.000 0.038 0.000
100 100 (0) 10 : 0.000 0.000 0.000 0.000 0.000 0.000 0.001 0.162 0.000 0.836 0.000 0.000 0.000 0.000
101 101 (0) 10 : 0.213 0.002 0.000 0.000 0.001 0.000 0.000 0.019 0.000 0.758 0.006 0.000 0.000 0.000
102 102 (0) 10 : 0.000 0.000 0.000 0.000 0.001 0.000 0.001 0.160 0.000 0.836 0.000 0.000 0.000 0.002
103 103 (0) 10 : 0.000 0.000 0.000 0.000 0.000 0.005 0.000 0.136 0.000 0.859 0.000 0.000 0.000 0.000
